most used: True
rate 1

Average Score 0.8001010101010101
Score sd 0.005541129428520295
All Scores[0.8, 0.806060606060606, 0.793939393939394, 0.803030303030303, 0.796969696969697, 0.803030303030303, 0.806060606060606, 0.8, 0.796969696969697, 0.793939393939394, 0.796969696969697, 0.806060606060606, 0.796969696969697, 0.803030303030303, 0.793939393939394, 0.806060606060606, 0.806060606060606, 0.8090909090909091, 0.796969696969697, 0.806060606060606, 0.8, 0.7909090909090909, 0.7909090909090909, 0.8, 0.796969696969697, 0.8, 0.806060606060606, 0.803030303030303, 0.806060606060606, 0.7878787878787878]

Average Loss 0.004577586115014068
Loss sd 5.567448016801545e-05
All losses[0.004554703207124028, 0.004629699108522961, 0.004575333185648019, 0.00462553940133179, 0.004602010581228535, 0.004431187254376235, 0.004585659066530427, 0.004570579810365862, 0.00459479083184292, 0.004576608813299314, 0.004575366149206683, 0.004623210252582159, 0.004597976837165646, 0.00462005725409617, 0.004563179353183602, 0.004593336851266183, 0.004504415081934726, 0.004636440266266664, 0.00454349041598692, 0.00454483048434447, 0.0045536801073169444, 0.004483709366968435, 0.004586421908155088, 0.004639939988994235, 0.00469981207328936, 0.004519658711698275, 0.004577082795779562, 0.0044997751744195605, 0.00466588177754018, 0.0045532073399571]

Average F1Score 0.8003934762939282
F1Score sd 0.005541129428520295
All F1 Scores[0.8002941176470587, 0.8063178201109236, 0.7942577044861057, 0.8033364519555211, 0.797277955538825, 0.8033072433039351, 0.8063603357686372, 0.8003090962614072, 0.7972551584825176, 0.7942424242424243, 0.7972776608230142, 0.8063458110516935, 0.7972551584825176, 0.8033364519555211, 0.7942120310013286, 0.8063601924575111, 0.8063603357686372, 0.8093876380491973, 0.7972852658618446, 0.8063603357686372, 0.80026525198939, 0.7912262477132533, 0.7912262477132533, 0.8002646183248189, 0.7972177703020782, 0.8002941176470587, 0.8063178201109236, 0.803329359851099, 0.8063172056483092, 0.7882064605004027]


most used: True
rate 0.9

Average Score 0.8005050505050505
Score sd 0.0039053535578306964
All Scores[0.803030303030303, 0.8, 0.8, 0.8, 0.793939393939394, 0.7909090909090909, 0.806060606060606, 0.803030303030303, 0.803030303030303, 0.803030303030303, 0.803030303030303, 0.803030303030303, 0.803030303030303, 0.8, 0.8, 0.803030303030303, 0.8, 0.8, 0.8, 0.796969696969697, 0.793939393939394, 0.8, 0.803030303030303, 0.7909090909090909, 0.803030303030303, 0.803030303030303, 0.803030303030303, 0.796969696969697, 0.806060606060606, 0.803030303030303]

Average Loss 0.0045840764333364425
Loss sd 5.688868948839704e-05
All losses[0.0047299137127861084, 0.004560747690493271, 0.004589383140521477, 0.004573773181891851, 0.004525081679451198, 0.004632801674957104, 0.004503936097174456, 0.004596859468943618, 0.004550992139931779, 0.0046004020266098376, 0.004585444304425132, 0.004675146853773, 0.00456131954728965, 0.004619347396058387, 0.004598972717457262, 0.0045944793252537044, 0.004582005672580032, 0.00455584152188543, 0.004445816162450942, 0.004602017139540304, 0.0044691765638996735, 0.0045787805677677635, 0.004573033471039787, 0.0046248601552063015, 0.004619068035897787, 0.004534411389391216, 0.004632545449314098, 0.0045511135903770605, 0.004655462396160794, 0.004599559927564264]

Average F1Score 0.8007854821350237
F1Score sd 0.0039053535578306964
All F1 Scores[0.8033072433039351, 0.8002941176470587, 0.8003089484718086, 0.8000881575080812, 0.7942577044861057, 0.7912262477132533, 0.8063601924575111, 0.803329359851099, 0.8032202623247398, 0.8033364519555211, 0.8033364519555211, 0.803329073932775, 0.8033072433039351, 0.8002941176470587, 0.8002941176470587, 0.803329073932775, 0.8002204585537918, 0.8002646183248189, 0.8002941176470587, 0.7972776608230142, 0.7941665330554218, 0.8002941176470587, 0.803329073932775, 0.7912030736611004, 0.803329073932775, 0.8032709711885835, 0.803329073932775, 0.7972776608230142, 0.8063601924575111, 0.803329073932775]


most used: True
rate 0.8

Average Score 0.8087878787878787
Score sd 0.0050550310615230685
All Scores[0.8090909090909091, 0.8090909090909091, 0.803030303030303, 0.803030303030303, 0.8090909090909091, 0.8090909090909091, 0.806060606060606, 0.8121212121212121, 0.8121212121212121, 0.806060606060606, 0.806060606060606, 0.8121212121212121, 0.8090909090909091, 0.8121212121212121, 0.803030303030303, 0.806060606060606, 0.803030303030303, 0.8121212121212121, 0.803030303030303, 0.806060606060606, 0.8090909090909091, 0.8121212121212121, 0.8090909090909091, 0.8151515151515152, 0.8272727272727273, 0.803030303030303, 0.8090909090909091, 0.806060606060606, 0.806060606060606, 0.8151515151515152]

Average Loss 0.004566428604607059
Loss sd 4.997284209702791e-05
All losses[0.004542776455676472, 0.004490865845803686, 0.004467244151981082, 0.004594660003920994, 0.004547931005475066, 0.004521641955323882, 0.00461052491087691, 0.004507276800049642, 0.0046034534375461655, 0.00459393258136682, 0.0044793590942002635, 0.004581463809609768, 0.004512014172062925, 0.0046054185105018535, 0.004580879130894482, 0.004501244739333783, 0.004569435989623369, 0.004597801755344037, 0.004561135082552948, 0.0045637792537420625, 0.004664103527018119, 0.0045767107468472745, 0.004619735709829402, 0.004611110440886324, 0.004613431746641179, 0.004558736793120471, 0.004496383337437106, 0.00463587042738618, 0.004587572653791065, 0.004596364069368439]

Average F1Score 0.8087935628993633
F1Score sd 0.0050550310615230685
All F1 Scores[0.8091066880057707, 0.8090996745107435, 0.8030465828630967, 0.8030393487109905, 0.80909967644296, 0.8091066880057707, 0.8060748553089025, 0.8120935920267023, 0.812135014559346, 0.806060606060606, 0.8060320949953057, 0.812135014559346, 0.80909967644296, 0.8121350160804993, 0.8030176362851303, 0.8060748537386797, 0.8030465828630967, 0.8121212121212121, 0.8030393467174335, 0.8060748537386797, 0.8090786320917418, 0.8121212121212122, 0.8090786320917418, 0.8151600023040534, 0.8272806578906728, 0.8030393487109905, 0.8090996745107435, 0.8060748553089025, 0.8060748537386797, 0.8151600041749296]


most used: True
rate 0.7

Average Score 0.7806060606060606
Score sd 0.006964924993969562
All Scores[0.7787878787878788, 0.7848484848484848, 0.7757575757575758, 0.7818181818181819, 0.7666666666666667, 0.7696969696969697, 0.7878787878787878, 0.7757575757575758, 0.7666666666666667, 0.7848484848484848, 0.7757575757575758, 0.7878787878787878, 0.7666666666666667, 0.7848484848484848, 0.7787878787878788, 0.7727272727272727, 0.7818181818181819, 0.7818181818181819, 0.7848484848484848, 0.7787878787878788, 0.7848484848484848, 0.7848484848484848, 0.7818181818181819, 0.7878787878787878, 0.7787878787878788, 0.7818181818181819, 0.7818181818181819, 0.7878787878787878, 0.793939393939394, 0.7878787878787878]

Average Loss 0.004549783724333869
Loss sd 6.0369121376296225e-05
All losses[0.004745618449380518, 0.004467335801729639, 0.004510315511180337, 0.004558378914582627, 0.004627780651879826, 0.004537875380473206, 0.004465835447836843, 0.004629311888525977, 0.004554960857515226, 0.004569103142196216, 0.004540386954724501, 0.004552621549756673, 0.004573196725001905, 0.004552597317607938, 0.004454788699895155, 0.004564247862394651, 0.004582242279072765, 0.004615066138364397, 0.004478033296837896, 0.004480537179561232, 0.004488190948720542, 0.0045773812066917646, 0.004492819080303681, 0.004554941623465565, 0.004581214650055627, 0.004496247214745743, 0.0045292145599139045, 0.004567165238250734, 0.00456127490459955, 0.004584828254751434]

Average F1Score 0.7806048601357204
F1Score sd 0.006964924993969562
All F1 Scores[0.7787695966265098, 0.7848781224928013, 0.7757163910631437, 0.7818422247749313, 0.7666988136241868, 0.7697223558334669, 0.7879021629756275, 0.7757822865742349, 0.766647382743031, 0.7847198660692511, 0.7757575757575758, 0.7879021629756275, 0.766595953751917, 0.7848623147331125, 0.7787695966265098, 0.7727585846988833, 0.7818181818181819, 0.7818422318422318, 0.784878126848276, 0.7788183512954155, 0.7848623147331125, 0.7848623147331125, 0.7818422247749313, 0.7879021629756275, 0.7787695966265098, 0.7818181818181819, 0.7818422247749313, 0.787839829384055, 0.793939393939394, 0.7877852771868421]


most used: False
rate 0.3

Average Score 0.5524242424242424
Score sd 0.00812141486669676
All Scores[0.5636363636363636, 0.5515151515151515, 0.5515151515151515, 0.5454545454545454, 0.5515151515151515, 0.5545454545454546, 0.5454545454545454, 0.5606060606060606, 0.5666666666666667, 0.5424242424242425, 0.5545454545454546, 0.5545454545454546, 0.5515151515151515, 0.5454545454545454, 0.5303030303030303, 0.5575757575757576, 0.5636363636363636, 0.5575757575757576, 0.5575757575757576, 0.5606060606060606, 0.5636363636363636, 0.5606060606060606, 0.5424242424242425, 0.5484848484848485, 0.5545454545454546, 0.5484848484848485, 0.5515151515151515, 0.5484848484848485, 0.5454545454545454, 0.5424242424242425]

Average Loss 0.6256661649603668
Loss sd 0.0029416114849061537
All losses[0.6255345408569565, 0.6222543654846566, 0.6278336688423922, 0.6236717521020474, 0.6298431674236897, 0.6281342400137786, 0.6250760079676649, 0.6259110295911132, 0.6301008963011442, 0.6276721277073971, 0.629796783236132, 0.6206412920835316, 0.6267977895055015, 0.6247788462419888, 0.6263381678481649, 0.623712657030763, 0.6251544383343333, 0.6278258652475333, 0.6249223221747171, 0.6266492576231185, 0.6287488127234909, 0.6214847127032209, 0.6222038257078041, 0.6188268132112639, 0.6266158401948669, 0.6204892188805483, 0.6272600579895455, 0.625801997265005, 0.6271127157753198, 0.6287917387433137]

Average F1Score 0.5499744199985894
F1Score sd 0.00812141486669676
All F1 Scores[0.5627382650794023, 0.5511197348749238, 0.5505921057760522, 0.5442012032085561, 0.5482083507889959, 0.552787906100209, 0.5421030582320904, 0.557606300988864, 0.5641570988819425, 0.5393003548228859, 0.5542631872907102, 0.5523935002195871, 0.550872481428037, 0.5398040488498884, 0.5265743485808211, 0.5543136433459014, 0.5613228860900155, 0.5538050964187328, 0.5566651854277272, 0.5580613939712006, 0.5624331550802139, 0.560327633722129, 0.5387917847464774, 0.5431879322386021, 0.5537720035979125, 0.5443642951555584, 0.5486898159311953, 0.5458699841497164, 0.5438496183282677, 0.5370562266310664]


most used: False
rate 0.2

Average Score 0.5914141414141414
Score sd 0.011832596662275756
All Scores[0.5969696969696969, 0.5878787878787879, 0.5818181818181818, 0.5909090909090909, 0.5848484848484848, 0.603030303030303, 0.5787878787878787, 0.5878787878787879, 0.5848484848484848, 0.6, 0.5848484848484848, 0.5757575757575758, 0.6090909090909091, 0.5878787878787879, 0.5878787878787879, 0.5969696969696969, 0.5818181818181818, 0.5878787878787879, 0.6242424242424243, 0.5848484848484848, 0.603030303030303, 0.5787878787878787, 0.6121212121212121, 0.593939393939394, 0.6121212121212121, 0.5787878787878787, 0.593939393939394, 0.5787878787878787, 0.5818181818181818, 0.5909090909090909]

Average Loss 0.38539515555644266
Loss sd 0.00895357300566653
All losses[0.36856455521810605, 0.3910312700783311, 0.3802157536870994, 0.38770777001274204, 0.3845334441334658, 0.4069632880494213, 0.3818279746563009, 0.4054970348238642, 0.38816903112840023, 0.39480707067764215, 0.37904701149865483, 0.3794908088611373, 0.3883247317128465, 0.37913824477327207, 0.38069312045025283, 0.3927692472725921, 0.3689032985285881, 0.37882444952260924, 0.392596702240652, 0.3835121884737276, 0.3772376986071812, 0.3830531408892294, 0.3871129207377693, 0.3801064098672237, 0.3926472325040227, 0.3855181155814633, 0.38660321850566615, 0.37508121516007353, 0.38373466796777905, 0.3981430510731659]

Average F1Score 0.5907832222105087
F1Score sd 0.011832596662275756
All F1 Scores[0.5963577807056067, 0.5866633151794443, 0.5816952278490739, 0.5906195129574643, 0.5840037409012927, 0.6026031437606792, 0.577401431123114, 0.5871504708734561, 0.5842181650877303, 0.5997794117647058, 0.5840037409012927, 0.5745063538611925, 0.6082954932574216, 0.5878333600555823, 0.5875150043968316, 0.5968030315561538, 0.5815875668449197, 0.5871504708734561, 0.6233703078530665, 0.5846768069413012, 0.6011054903689399, 0.577401431123114, 0.6109772378159476, 0.5934164280425688, 0.6112209629451009, 0.5787994833866393, 0.5934164280425688, 0.5784897207487965, 0.5816952278490739, 0.5907399192487276]


most used: False
rate 0.1

Average Score 0.6560606060606061
Score sd 0.012726526325329307
All Scores[0.6424242424242425, 0.6454545454545455, 0.6636363636363637, 0.6606060606060606, 0.6545454545454545, 0.6575757575757576, 0.6545454545454545, 0.6666666666666666, 0.6636363636363637, 0.6515151515151515, 0.6303030303030303, 0.6272727272727273, 0.6727272727272727, 0.6636363636363637, 0.6515151515151515, 0.6696969696969697, 0.6787878787878788, 0.6484848484848484, 0.6515151515151515, 0.6484848484848484, 0.6545454545454545, 0.6606060606060606, 0.6454545454545455, 0.6848484848484848, 0.6666666666666666, 0.6454545454545455, 0.6575757575757576, 0.6424242424242425, 0.6575757575757576, 0.6636363636363637]

Average Loss 0.13138640741525176
Loss sd 0.008944884233443813
All losses[0.1076595598774165, 0.124218408254626, 0.12694465948630412, 0.13353774468411192, 0.13208403209967554, 0.13831460095138134, 0.12910128892270656, 0.1411079617691746, 0.14458448795739057, 0.14479041972024712, 0.12368164378933062, 0.12537771995713906, 0.12853165429979405, 0.12197085732096304, 0.13144109545687066, 0.12658756774898644, 0.12158540683860254, 0.14658867522775104, 0.1366280567365647, 0.12025394192218408, 0.13380460622280171, 0.13483028887370382, 0.14547827910114025, 0.1346479296961503, 0.12063647487592943, 0.14196656076909947, 0.1353967385718745, 0.13235044157283393, 0.12911881350485527, 0.1283723062479438]

Average F1Score 0.6558860402282659
F1Score sd 0.012726526325329307
All F1 Scores[0.6424242424242425, 0.6444001570241085, 0.6635282329610687, 0.6605811271694316, 0.6542915278701231, 0.6573775717320562, 0.6544693101248702, 0.6665931939801379, 0.6636270966546197, 0.6514671468799909, 0.6303030303030303, 0.627221383184686, 0.6716421509524958, 0.6636394524033528, 0.6514671468799909, 0.6696514696514696, 0.678717064828176, 0.6484848484848484, 0.6514671468799909, 0.6484848484848484, 0.6538335964888805, 0.6604564160119716, 0.6448186976867851, 0.6845008912655971, 0.6665931939801379, 0.6454447775548693, 0.6575285878038172, 0.642397973267794, 0.6575789019962061, 0.6635900219183802]


