most used: True
rate 1.0

Average Score 0.7867676767676768
Score sd 0.018259730893122317
All Scores[0.7696969696969697, 0.8, 0.8151515151515152, 0.793939393939394, 0.7848484848484848, 0.7484848484848485, 0.7787878787878788, 0.793939393939394, 0.7787878787878788, 0.7848484848484848, 0.796969696969697, 0.806060606060606, 0.7848484848484848, 0.7757575757575758, 0.7848484848484848, 0.8090909090909091, 0.8242424242424242, 0.7878787878787878, 0.7818181818181819, 0.7848484848484848, 0.7757575757575758, 0.7545454545454545, 0.7878787878787878, 0.796969696969697, 0.7484848484848485, 0.8090909090909091, 0.793939393939394, 0.7909090909090909, 0.7606060606060606, 0.8]

Average Loss 0.011770747096180305
Loss sd 0.021558679630265008
All losses[0.12403255750687014, 0.02563276726779168, 0.014270619095578273, 0.011977697522382999, 0.011289127970108224, 0.007339132279729549, 0.008423311525595015, 0.007288866351875759, 0.00811535187067609, 0.007717015774848425, 0.007977733059812192, 0.007424256015141548, 0.007331286232863342, 0.0067153788176893305, 0.005907512948832809, 0.005917610956166803, 0.005664078610823087, 0.005990328760560866, 0.005767087651337016, 0.005780796181640361, 0.0057190751156886875, 0.0068633857078125, 0.005799231544678149, 0.006058543001818578, 0.005898789568853624, 0.0067144048269486755, 0.006675847553735134, 0.0070435575244768185, 0.005605048921685627, 0.006182012719387851]

Average F1Score 0.7867142084709544
F1Score sd 0.018259730893122317
All F1 Scores[0.769458393173662, 0.7999264705882354, 0.8153197461519841, 0.7932089254123154, 0.7845095199686637, 0.7485102823155203, 0.7799296214227721, 0.7938712522045855, 0.7787817842863716, 0.7847990815154993, 0.7971098145011188, 0.8058887311130581, 0.7848425573196216, 0.7757575757575758, 0.7847000020913063, 0.8090295240950724, 0.8242424242424242, 0.78772238514174, 0.7815295815295814, 0.7848662674350748, 0.775534522948316, 0.7545612392586697, 0.7884261974584555, 0.7969603729603729, 0.7484408201827746, 0.8088785519263827, 0.7937575021984158, 0.7909763220950075, 0.7599455629832762, 0.7999412218507771]


most used: True
rate 0.9

Average Score 0.7921212121212121
Score sd 0.022643174254056046
All Scores[0.7484848484848485, 0.7484848484848485, 0.7878787878787878, 0.796969696969697, 0.8272727272727273, 0.803030303030303, 0.7727272727272727, 0.7787878787878788, 0.803030303030303, 0.806060606060606, 0.806060606060606, 0.7909090909090909, 0.7757575757575758, 0.803030303030303, 0.7666666666666667, 0.7878787878787878, 0.793939393939394, 0.7787878787878788, 0.8090909090909091, 0.793939393939394, 0.8363636363636363, 0.8090909090909091, 0.8121212121212121, 0.7666666666666667, 0.7909090909090909, 0.8, 0.8272727272727273, 0.7636363636363637, 0.7606060606060606, 0.8181818181818182]

Average Loss 0.009982559295866913
Loss sd 0.01954924798182382
All losses[0.11324844418696232, 0.01259551570764249, 0.008407884353875539, 0.007438111067786775, 0.007359594563252211, 0.0066840587216775126, 0.006726918613021458, 0.006184425102371672, 0.005850727292696478, 0.0066429625266283075, 0.00670524721111352, 0.006242729713308224, 0.006131677472263768, 0.005882002197301837, 0.00615729531696709, 0.005960705580864909, 0.005529610350512992, 0.005780956614435149, 0.0060172059185181785, 0.0061086389361421165, 0.005827955908757496, 0.0054861963412000106, 0.006055355946588133, 0.0060926876954548615, 0.005851212552717183, 0.005953912133579356, 0.006004238521111332, 0.005465626139920192, 0.005497988706587999, 0.005586893482748243]

Average F1Score 0.7920773698980494
F1Score sd 0.022643174254056046
All F1 Scores[0.7475602541412987, 0.7485657029537627, 0.7878709961798411, 0.796923076923077, 0.827334590637343, 0.8030212573496156, 0.7723599420667073, 0.7787207702467082, 0.8030936367561663, 0.805846110878369, 0.8061176281912069, 0.7906342216788168, 0.7756587034364812, 0.8028183537743828, 0.767033330576462, 0.7879021629756275, 0.7942810063499719, 0.7790994996600322, 0.8092014345756798, 0.793939393939394, 0.8363395907571362, 0.8088537549407114, 0.8121212121212121, 0.7667502364750071, 0.7903600632868454, 0.8, 0.8273282660784844, 0.7639849183074988, 0.7605862758012916, 0.8180147058823529]


most used: True
rate 0.8

Average Score 0.7886868686868687
Score sd 0.01921372205608845
All Scores[0.7363636363636363, 0.7757575757575758, 0.7757575757575758, 0.7909090909090909, 0.7787878787878788, 0.796969696969697, 0.7878787878787878, 0.7909090909090909, 0.806060606060606, 0.7878787878787878, 0.803030303030303, 0.8121212121212121, 0.8, 0.7878787878787878, 0.8, 0.806060606060606, 0.7484848484848485, 0.8, 0.7636363636363637, 0.8, 0.8090909090909091, 0.7666666666666667, 0.7666666666666667, 0.8121212121212121, 0.7818181818181819, 0.7909090909090909, 0.8, 0.7878787878787878, 0.7757575757575758, 0.8212121212121212]

Average Loss 0.009414898757621469
Loss sd 0.018914668384527624
All losses[0.10934213458451869, 0.011984868428185594, 0.007324317181078382, 0.006760483972209937, 0.005712633839553782, 0.006037413242176707, 0.006001594159222745, 0.006675145884530867, 0.005600747034314089, 0.006002713277003141, 0.005139271738928075, 0.00581978574576471, 0.005695393264177784, 0.006357043078351135, 0.005010375740655147, 0.005583051416479128, 0.00513190470096402, 0.005868004020906719, 0.0059201172046886895, 0.005996404770187941, 0.004920651509274725, 0.005194076462549699, 0.005316358829060287, 0.0058587121064260055, 0.005562055708197985, 0.005555395243212145, 0.005394702929573472, 0.005596067926176257, 0.0054660861643247086, 0.005619452565951499]

Average F1Score 0.7886972924790783
F1Score sd 0.01921372205608845
All F1 Scores[0.7364581983393544, 0.775427807486631, 0.7757411000642329, 0.7907534529815565, 0.7786717077257804, 0.7969790209790208, 0.7878787878787878, 0.7908879471221468, 0.8056607457439534, 0.7879255518144407, 0.8031697294514565, 0.81210050237828, 0.800294930875576, 0.7879569892473117, 0.8007251470642643, 0.8061462021740075, 0.748242285078106, 0.8000734726865287, 0.7635321468654802, 0.7997564935064936, 0.80888173891645, 0.7670209339774556, 0.7666688093248485, 0.8120936072449443, 0.7818983338398495, 0.7913117111654042, 0.7999632352941176, 0.7876215862326974, 0.7758070028376041, 0.8212695960755662]


most used: True
rate 0.7

Average Score 0.7935353535353535
Score sd 0.021095864929787326
All Scores[0.7636363636363637, 0.7484848484848485, 0.8090909090909091, 0.7848484848484848, 0.803030303030303, 0.7515151515151515, 0.8090909090909091, 0.8151515151515152, 0.8181818181818182, 0.793939393939394, 0.7636363636363637, 0.7848484848484848, 0.793939393939394, 0.8, 0.7848484848484848, 0.7848484848484848, 0.7878787878787878, 0.7727272727272727, 0.7878787878787878, 0.7909090909090909, 0.8090909090909091, 0.7848484848484848, 0.8272727272727273, 0.8, 0.7818181818181819, 0.8303030303030303, 0.8333333333333334, 0.803030303030303, 0.803030303030303, 0.7848484848484848]

Average Loss 0.009288242326593749
Loss sd 0.018572537202268653
All losses[0.10751830233404264, 0.009263332857076213, 0.008086236655491791, 0.006293337544357915, 0.006589338225969453, 0.00583449380641148, 0.006091526621766981, 0.006216669107463214, 0.00643654681097074, 0.006135142286384005, 0.0054531945609414606, 0.006150811099711075, 0.005426965011395825, 0.005261835829162908, 0.0057666597085092985, 0.005709800960635661, 0.005281473990967518, 0.005625065094271811, 0.005594243899865225, 0.0055512269452985645, 0.005235623600294155, 0.005659754585018879, 0.005658678216485571, 0.005770888368515972, 0.005356029372582596, 0.005516772362079685, 0.0052328898038661135, 0.005446450338472104, 0.005263903973719908, 0.005220075826083685]

Average F1Score 0.7935505435229206
F1Score sd 0.021095864929787326
All F1 Scores[0.7636189992787114, 0.7482050763474569, 0.8090435723463246, 0.7848978881814701, 0.8030574360849589, 0.7514055902944792, 0.8090751313352073, 0.8151973491423032, 0.8179676072978971, 0.7939545320973472, 0.7636363636363637, 0.7848899927980507, 0.7941672950705209, 0.7996691176470587, 0.7849176647644277, 0.784723924381521, 0.7878008623021665, 0.7731995550051426, 0.7878709961798411, 0.7913345458897936, 0.8091137343953928, 0.7845459808572869, 0.8274079052766294, 0.8, 0.7820747814058852, 0.8303154983952896, 0.8333379250810443, 0.8033694338120223, 0.8030212573496156, 0.7846962890334105]


most used: False
rate 0.3

Average Score 0.6322222222222222
Score sd 0.021031976260354752
All Scores[0.6151515151515151, 0.6515151515151515, 0.6333333333333333, 0.5909090909090909, 0.6454545454545455, 0.6090909090909091, 0.6606060606060606, 0.6606060606060606, 0.6363636363636364, 0.6181818181818182, 0.6151515151515151, 0.6181818181818182, 0.6515151515151515, 0.6181818181818182, 0.6272727272727273, 0.6090909090909091, 0.6333333333333333, 0.6606060606060606, 0.6242424242424243, 0.6363636363636364, 0.6484848484848484, 0.6181818181818182, 0.6, 0.6333333333333333, 0.6151515151515151, 0.6333333333333333, 0.6454545454545455, 0.6909090909090909, 0.6333333333333333, 0.6333333333333333]

Average Loss 0.30394077568928024
Loss sd 0.031707539382722
All losses[0.4297712641938984, 0.361917600463518, 0.28645933993243666, 0.3069040611869822, 0.32011401425310276, 0.28130737675181616, 0.2994245887654856, 0.33387288312137653, 0.28529231962336843, 0.28596912316735573, 0.3041771148368158, 0.277754822980121, 0.30501214060267273, 0.3061376417247326, 0.2870452709471717, 0.2617623614614502, 0.3243393519052799, 0.2989171704808767, 0.3216675809641229, 0.28057211795558445, 0.28901859878383074, 0.2712890299844927, 0.29632151602507806, 0.2951821650724173, 0.2835350551960877, 0.3078846984658619, 0.3132218607295976, 0.3166283276999587, 0.2721321246882137, 0.31459174871469947]

Average F1Score 0.6319881912168569
F1Score sd 0.021031976260354752
All F1 Scores[0.6150770001902688, 0.651127515421175, 0.632838161033584, 0.5909203607345923, 0.6454773455958561, 0.6089293630578034, 0.6603565887846824, 0.6606559329750984, 0.6361632194965529, 0.6179290421594295, 0.612982582186443, 0.6183220842197369, 0.6509865568415473, 0.6183923796791444, 0.6272074805118226, 0.608462443657343, 0.6331815044858522, 0.6603809983120328, 0.6242424242424243, 0.6357620320855615, 0.6484848484848484, 0.6173392314405224, 0.5998821840138433, 0.6332220986281053, 0.6143547273982056, 0.6332626204185837, 0.6456141464437207, 0.6913634860123155, 0.6334849612659554, 0.6332424167286552]


most used: False
rate 0.2

Average Score 0.6741414141414142
Score sd 0.025648034740206743
All Scores[0.6909090909090909, 0.6575757575757576, 0.6393939393939394, 0.7181818181818181, 0.6424242424242425, 0.6454545454545455, 0.696969696969697, 0.7090909090909091, 0.6363636363636364, 0.696969696969697, 0.6515151515151515, 0.7, 0.6909090909090909, 0.696969696969697, 0.706060606060606, 0.6878787878787879, 0.696969696969697, 0.6606060606060606, 0.6515151515151515, 0.6636363636363637, 0.6575757575757576, 0.6878787878787879, 0.6393939393939394, 0.6727272727272727, 0.6575757575757576, 0.6424242424242425, 0.6818181818181818, 0.7181818181818181, 0.6545454545454545, 0.6727272727272727]

Average Loss 0.14581796121899238
Loss sd 0.026861789215138317
All losses[0.27329733860294525, 0.16239182169789443, 0.17165450550641742, 0.14167774588148152, 0.13989026739805088, 0.1437440146435151, 0.1332375785331072, 0.15035930000190656, 0.14717955617030085, 0.1290076647439828, 0.14132815313108263, 0.14152894582830394, 0.14502295131347293, 0.1547463856616908, 0.12695407890898472, 0.12449434517577726, 0.12457933786427886, 0.12022967102676511, 0.1445619673915653, 0.1398001244557279, 0.1294026107414771, 0.1562526250573601, 0.14817311643203387, 0.14073244339594074, 0.1298372583400339, 0.14305655942760784, 0.15926855662784165, 0.13366509306726096, 0.13419236105577403, 0.14427245848718984]

Average F1Score 0.6739572896993857
F1Score sd 0.025648034740206743
All F1 Scores[0.6909090909090909, 0.6559518136687619, 0.6388859546845387, 0.7184536660205235, 0.6424242424242423, 0.6454252417555169, 0.6970142209636773, 0.7090909090909091, 0.6357620320855615, 0.6969362941585164, 0.6520305906071769, 0.6997106135910558, 0.6895416841223292, 0.6970030997808776, 0.7062900880214313, 0.6878529925004181, 0.6968583747173807, 0.6610561851941164, 0.6517556517556518, 0.6627918273704664, 0.6575285808718645, 0.6879390036366086, 0.639742351046699, 0.6730280748663101, 0.657717287687437, 0.642371675147595, 0.6799754921860418, 0.7181585100863902, 0.6545454545454545, 0.6719676874849289]


most used: False
rate 0.1

Average Score 0.7017171717171717
Score sd 0.021818230194613358
All Scores[0.6757575757575758, 0.7090909090909091, 0.7, 0.706060606060606, 0.7121212121212122, 0.7090909090909091, 0.6909090909090909, 0.6787878787878788, 0.7303030303030303, 0.696969696969697, 0.7, 0.7090909090909091, 0.6757575757575758, 0.7484848484848485, 0.6909090909090909, 0.6878787878787879, 0.7484848484848485, 0.6818181818181818, 0.7272727272727273, 0.6818181818181818, 0.6818181818181818, 0.6818181818181818, 0.6878787878787879, 0.6727272727272727, 0.696969696969697, 0.7212121212121212, 0.7393939393939394, 0.6818181818181818, 0.703030303030303, 0.7242424242424242]

Average Loss 0.03055162217873634
Loss sd 0.019704165371609805
All losses[0.1305683270301731, 0.052964118071648796, 0.03410285796813756, 0.02664528305859812, 0.025696716161048665, 0.030475354328650665, 0.025853824307762157, 0.02393848328914831, 0.02641211788845731, 0.024779942562356452, 0.02243382274026794, 0.026269567108401302, 0.026400552614494404, 0.026153636661122977, 0.02320126586751764, 0.03002641759572041, 0.026758436862275563, 0.023697514699632993, 0.025441955921057142, 0.02845578567961494, 0.026057737503361194, 0.02633653001671133, 0.026757683313784697, 0.022842783558851488, 0.024580696125458906, 0.022209803479195128, 0.031883710519778, 0.022739566728275845, 0.024809247254602956, 0.028054926445984174]

Average F1Score 0.7017150440327631
F1Score sd 0.021818230194613358
All F1 Scores[0.6758083267976372, 0.7088983178357556, 0.6999696632622106, 0.7059390530898263, 0.7120815502905055, 0.7091764422868102, 0.6907044627004906, 0.6785396651234155, 0.7306380575945793, 0.6967024744802522, 0.6996774460342403, 0.7092405097106832, 0.6757843728982122, 0.7483947667433906, 0.6909090909090907, 0.6889677272264562, 0.7487049899952175, 0.6817801396440423, 0.7274331020150419, 0.6818444974097939, 0.6817567968223451, 0.6816866715374178, 0.6878071182548795, 0.6720525084429212, 0.6973037250815028, 0.7212121212121212, 0.7396238098579235, 0.6819204901445762, 0.7026687327823692, 0.7242246907991825]


