5573.933333333333
[4889.0, 5009.4, 5056.8, 8465.8, 9468.0, 554.6]
7.793464350700378
[0.2, 1, 0, 1]
[0.0, 0.8536339842963486, 0.5927988860155198, 27.190504807692296, 25.53699284009546, 30.18779342723005]
5617.900000000001
[4889.0, 5009.0, 5048.6, 8470.2, 9720.4, 570.2]
7.7318793932596845
[0.3, 1, 2, 2]
[0.0, 0.8455808335011074, 0.4296797294609183, 27.25661057692309, 28.883585255900286, 33.849765258215974]
5622.366666666666
[4889.0, 5035.4, 5055.6, 8886.8, 9297.2, 570.2]
7.700337481498718
[0.01, 0, 0, 1]
[0.0, 1.3770887859875103, 0.5689277899343618, 33.515624999999986, 23.272341553964477, 33.849765258215974]
5630.666666666668
[4889.0, 5019.0, 5052.6, 8709.2, 9545.4, 568.8]
7.76596537431081
[0.3, 0, 2, 2]
[0.0, 1.0469096033823233, 0.5092500497314574, 30.847355769230777, 26.563245823389014, 33.52112676056337]
5633.633333333334
[4889.0, 5040.2, 5048.6, 8493.8, 9756.4, 573.8]
7.805486718813579
[0.3, 1, 1, 1]
[0.0, 1.4737265955304977, 0.4296797294609183, 27.611177884615373, 29.360912224874035, 34.69483568075116]
5634.000000000001
[4889.0, 5008.6, 5076.4, 9156.4, 9100.2, 573.4]
7.732418664296468
[0.1, 1, 2, 1]
[0.0, 0.8375276827058661, 0.9826934553411505, 37.56610576923076, 20.66030230708036, 34.600938967136145]
5636.5
[4889.0, 5026.6, 5056.4, 8666.4, 9632.6, 548.0]
7.96771314938863
[0.01, 1, 2, 2]
[0.0, 1.1999194684920549, 0.584841853988455, 30.20432692307692, 27.719437814903213, 28.638497652582164]
5637.533333333333
[4889.0, 4990.2, 5049.0, 8839.8, 9506.2, 551.0]
7.784774859746297
[0.3, 1, 1, 0]
[0.0, 0.4670827461244175, 0.437636761487965, 32.80949519230768, 26.04348979050651, 29.342723004694836]
5648.8
[4889.0, 4985.0, 5045.6, 8962.2, 9501.4, 509.6]
7.717620921134949
[0.5, 1, 0, 2]
[0.0, 0.36239178578618886, 0.37000198925801403, 34.648437500000014, 25.979846194643326, 19.62441314553991]
5660.599999999999
[4889.0, 5035.0, 5052.6, 8633.8, 9796.0, 557.2]
7.845086320241293
[0.2, 0, 1, 0]
[0.0, 1.369035635192269, 0.5092500497314574, 29.71454326923076, 29.88597189074516, 30.79812206572771]
5661.533333333334
[4889.0, 5011.0, 5049.2, 8865.6, 9579.8, 574.6]
7.732089161872864
[0.2, 1, 2, 2]
[0.0, 0.8858465874773505, 0.4416152775014883, 33.19711538461539, 27.01935826040837, 34.88262910798123]
5666.366666666666
[4889.0, 4983.0, 5064.0, 8545.2, 9962.0, 555.0]
7.713042759895326
[0.4, 0, 1, 1]
[0.0, 0.32212603180994565, 0.7360254625024866, 28.38341346153847, 32.08697958101299, 30.28169014084507]
5666.633333333332
[4889.0, 4973.0, 5188.8, 8502.8, 9868.0, 578.2]
7.720138343175253
[0.4, 0, 2, 1]
[0.0, 0.12079726192872962, 3.2186194549433096, 27.746394230769223, 30.84062582869265, 35.727699530516446]
5667.633333333334
[4889.0, 5035.4, 5048.6, 8467.4, 10000.6, 564.8]
7.7360045433044435
[0.2, 0, 0, 0]
[0.0, 1.3770887859875103, 0.4296797294609183, 27.214543269230763, 32.59878016441263, 32.58215962441314]
5667.766666666666
[4889.0, 5006.2, 5048.6, 8488.2, 10009.6, 565.0]
7.7600164890289305
[0.3, 1, 0, 1]
[0.0, 0.7892087779343632, 0.4296797294609183, 27.527043269230777, 32.71811190665607, 32.629107981220656]
5667.900000000001
[4889.0, 5025.8, 5065.6, 8596.6, 9858.0, 572.4]
7.76691206296285
[0.2, 0, 2, 0]
[0.0, 1.183813166901554, 0.7678535906107095, 29.155649038461544, 30.708035003977724, 34.366197183098585]
5670.333333333333
[4889.0, 5021.0, 5054.2, 8753.4, 9760.2, 544.2]
7.710183469454447
[0.5, 0, 1, 2]
[0.0, 1.0871753573585665, 0.5410781778396623, 31.511418269230763, 29.411296738265726, 27.74647887323945]
5670.533333333333
[4889.0, 5011.0, 5070.2, 8467.4, 10020.0, 565.6]
7.699212805430094
[0.4, 1, 2, 2]
[0.0, 0.8858465874773505, 0.8593594589218186, 27.214543269230763, 32.85600636435959, 32.7699530516432]
5677.233333333334
[4889.0, 5021.0, 5062.8, 8392.4, 10127.4, 570.8]
7.741180674235026
[0.5, 1, 2, 2]
[0.0, 1.0871753573585665, 0.7121543664213285, 26.087740384615376, 34.28003182179793, 33.99061032863849]
5680.3
[4889.0, 5023.0, 5063.4, 8368.2, 10176.2, 562.0]
7.797044428189596
[0.1, 1, 1, 1]
[0.0, 1.1274411113348097, 0.7240899144618984, 25.724158653846164, 34.9270750464068, 31.92488262910798]
5681.7
[4889.0, 5025.4, 5048.2, 8685.8, 9897.4, 544.4]
7.7199308792750045
[0.5, 0, 0, 2]
[0.0, 1.1757600161062942, 0.42172269743385354, 30.49579326923076, 31.230442853354546, 27.79342723004694]
5683.066666666667
[4889.0, 5006.6, 5054.2, 8346.0, 10232.0, 570.6]
7.940996543566388
[0.01, 1, 0, 0]
[0.0, 0.7972619287296229, 0.5410781778396623, 25.390625, 35.666931848316096, 33.94366197183099]
5684.299999999999
[4889.0, 5023.0, 5069.8, 9094.0, 9494.8, 535.2]
7.730231785774232
[0.5, 1, 2, 1]
[0.0, 1.1274411113348097, 0.8514024268947719, 36.628605769230774, 25.892336250331464, 25.63380281690142]
5686.700000000001
[4889.0, 5023.4, 5048.4, 8723.6, 9897.2, 538.6]
7.958493526776631
[0.1, 1, 0, 0]
[0.0, 1.135494262130051, 0.4257012134473769, 31.06370192307693, 31.227791036860257, 26.431924882629115]
5692.833333333333
[4889.0, 5045.4, 5036.2, 9109.0, 9505.0, 572.4]
7.7638306061426805
[0.3, 1, 1, 2]
[0.0, 1.5784175558687263, 0.18301173662223627, 36.85396634615385, 26.027578891540703, 34.366197183098585]
5698.433333333333
[4889.0, 5023.0, 5071.6, 8866.0, 9768.6, 572.4]
7.794682145118713
[0.2, 0, 1, 1]
[0.0, 1.1274411113348097, 0.8872090710165181, 33.203125, 29.522673031026258, 34.366197183098585]
5703.600000000001
[4889.0, 5001.8, 5045.6, 8860.6, 9819.8, 604.8]
7.734899703661601
[0.01, 1, 1, 2]
[0.0, 0.7006241191866355, 0.37000198925801403, 33.12199519230769, 30.201538053566683, 41.97183098591548]
5704.933333333334
[4889.0, 5002.2, 5054.6, 8849.0, 9883.8, 551.0]
7.702035506566365
[0.4, 1, 2, 1]
[0.0, 0.7086772699818767, 0.5490352098667269, 32.94771634615385, 31.05011933174223, 29.342723004694836]
5708.766666666667
[4889.0, 5025.8, 5041.6, 9080.0, 9646.4, 569.8]
7.722102387746175
[0.4, 0, 2, 2]
[0.0, 1.183813166901554, 0.2904316689874749, 36.418269230769226, 27.90241315300981, 33.75586854460093]
5708.899999999999
[4889.0, 5035.4, 5051.2, 8598.8, 10120.0, 559.0]
7.764749256769815
[0.2, 1, 1, 1]
[0.0, 1.3770887859875103, 0.4814004376367579, 29.18870192307691, 34.18191461150889, 31.220657276995308]
5710.266666666666
[4889.0, 5043.0, 5050.4, 9191.2, 9530.0, 558.0]
7.800540582338968
[0.1, 0, 2, 0]
[0.0, 1.5300986510972419, 0.46548637358264644, 38.08894230769232, 26.35905595332803, 30.985915492957744]
5710.833333333333
[4889.0, 5023.0, 5036.8, 8699.0, 10058.8, 558.4]
7.7381886164347335
[0.5, 0, 2, 1]
[0.0, 1.1274411113348097, 0.1949472846628244, 30.694110576923077, 33.3704587642535, 31.079812206572765]
5711.299999999999
[4889.0, 4983.0, 5194.4, 8939.8, 9708.0, 553.6]
7.788780585924784
[0.2, 0, 1, 2]
[0.0, 0.32212603180994565, 3.330017903322054, 34.31189903846153, 28.71917263325378, 29.95305164319249]
5711.466666666666
[4889.0, 4989.8, 5056.8, 8811.2, 9952.8, 569.2]
7.731244373321533
[0.5, 1, 0, 1]
[0.0, 0.4590295953291762, 0.5927988860155198, 32.37980769230771, 31.96499602227525, 33.615023474178415]
5711.566666666667
[4889.0, 5009.0, 5074.8, 9027.2, 9683.8, 585.6]
7.783548855781555
[0.01, 0, 1, 0]
[0.0, 0.8455808335011074, 0.9508653272329457, 35.625000000000014, 28.39830283744364, 37.464788732394375]
5711.666666666667
[4889.0, 4987.8, 5059.0, 8865.4, 9894.4, 574.4]
7.766038624445598
[0.3, 0, 2, 1]
[0.0, 0.41876384135293304, 0.6365625621643127, 33.194110576923066, 31.190665605940065, 34.835680751173705]
5712.266666666667
[4889.0, 5007.4, 5062.8, 8601.0, 10155.6, 557.8]
7.973495165506999
[0.01, 1, 0, 2]
[0.0, 0.8133682303201054, 0.7121543664213285, 29.221754807692307, 34.65393794749404, 30.938967136150225]
5715.166666666667
[4889.0, 5014.2, 5068.6, 8648.0, 10090.6, 580.6]
7.696713757514953
[0.4, 1, 2, 0]
[0.0, 0.950271793839336, 0.8275313308136137, 29.927884615384613, 33.792097586847, 36.291079812206576]
5722.066666666667
[4889.0, 5006.6, 5056.0, 8715.0, 10086.0, 579.8]
7.733401441574096
[0.2, 1, 2, 1]
[0.0, 0.7972619287296229, 0.5768848219614084, 30.934495192307693, 33.73110580747812, 36.10328638497651]
5723.033333333334
[4889.0, 5043.0, 5063.0, 8910.8, 9877.6, 554.8]
7.843938581148784
[0.1, 0, 0, 1]
[0.0, 1.5300986510972419, 0.7161328824348518, 33.87620192307691, 30.96791302041899, 30.23474178403755]
5724.266666666666
[4889.0, 5008.6, 5056.2, 9156.8, 9682.4, 552.6]
7.768916853268941
[0.3, 0, 1, 2]
[0.0, 0.8375276827058661, 0.5808633379749317, 37.57211538461537, 28.379740121983556, 29.718309859154935]
5726.633333333334
[4889.0, 5026.2, 5049.2, 9079.2, 9728.8, 587.4]
7.8837854703267425
[0.01, 0, 2, 1]
[0.0, 1.1918663176967952, 0.4416152775014883, 36.406250000000014, 28.994961548660825, 37.88732394366197]
5730.733333333334
[4889.0, 5017.8, 5064.4, 8796.6, 10070.8, 545.8]
7.743853696187337
[0.01, 1, 1, 1]
[0.0, 1.022750150996581, 0.7439824945295332, 32.16045673076924, 33.52956775391142, 28.122065727699518]
5732.400000000001
[4889.0, 5045.4, 5047.6, 8830.2, 10015.2, 567.0]
7.791430807113646
[0.2, 0, 0, 2]
[0.0, 1.5784175558687263, 0.40978714939328353, 32.665264423076934, 32.79236276849643, 33.098591549295776]
5733.900000000001
[4889.0, 4989.8, 5053.2, 8635.0, 10294.6, 541.8]
7.724084949493407
[0.5, 0, 2, 0]
[0.0, 0.4590295953291762, 0.5211855977720274, 29.732572115384613, 36.49695041103156, 27.18309859154929]
5734.833333333332
[4889.0, 5001.8, 5067.6, 9163.8, 9737.2, 549.6]
7.8841167211532595
[0.1, 0, 2, 1]
[0.0, 0.7006241191866355, 0.807638750745979, 37.677283653846146, 29.106337841421382, 29.01408450704226]
5736.166666666667
[4889.0, 5010.6, 5042.0, 8995.6, 9928.2, 551.6]
7.729074796040853
[0.5, 1, 2, 0]
[0.0, 0.8777934366821092, 0.2983887010145216, 35.15024038461539, 31.63882259347654, 29.48356807511738]
5740.599999999999
[4889.0, 5001.8, 5050.8, 9084.2, 9858.4, 559.4]
7.717289423942565
[0.4, 0, 0, 2]
[0.0, 0.7006241191866355, 0.4734434056097112, 36.48137019230771, 30.71333863696632, 31.31455399061032]
5741.766666666666
[4889.0, 5025.8, 5036.2, 8486.2, 10447.0, 566.4]
7.917592295010884
[0.01, 1, 1, 0]
[0.0, 1.183813166901554, 0.18301173662223627, 27.496995192307704, 38.51763457968709, 32.95774647887323]
5741.900000000001
[4889.0, 5028.2, 5054.8, 8930.8, 10000.8, 547.8]
7.704338391621907
[0.3, 0, 0, 1]
[0.0, 1.2321320716730384, 0.5530137258802503, 34.17668269230768, 32.601431980906916, 28.591549295774637]
5742.133333333334
[4889.0, 5033.4, 5068.8, 8845.2, 10078.0, 538.4]
7.732134811083476
[0.1, 0, 0, 2]
[0.0, 1.336823032011267, 0.8315098468271371, 32.890625000000014, 33.625033147706176, 26.384976525821592]
5742.5
[4889.0, 4987.8, 5052.2, 9253.4, 9696.4, 576.2]
7.752280195554097
[0.1, 0, 1, 1]
[0.0, 0.41876384135293304, 0.5012930177043926, 39.0234375, 28.565367276584457, 35.25821596244133]
5743.566666666667
[4889.0, 5024.6, 5040.4, 9133.2, 9820.2, 554.0]
7.685823496182759
[0.5, 1, 1, 1]
[0.0, 1.1596537145158117, 0.2665605729062987, 37.21754807692309, 30.206841686555304, 30.046948356807512]
5744.900000000001
[4889.0, 5008.6, 5049.4, 8608.4, 10374.0, 540.0]
7.703804278373718
[0.5, 0, 0, 0]
[0.0, 0.8375276827058661, 0.4455937935150116, 29.33293269230769, 37.5497215592681, 26.76056338028169]
5745.899999999999
[4889.0, 5006.2, 5085.2, 8769.6, 10160.2, 565.2]
7.71997009118398
[0.5, 1, 1, 0]
[0.0, 0.7892087779343632, 1.1577481599363402, 31.754807692307697, 34.714929726862906, 32.67605633802818]
5746.733333333334
[4889.0, 4971.0, 5054.2, 9081.0, 9908.6, 576.6]
7.749794157346089
[0.2, 0, 0, 1]
[0.0, 0.08053150795248641, 0.5410781778396623, 36.433293269230774, 31.378944577035274, 35.35211267605634]
5748.233333333334
[4889.0, 5002.2, 5049.4, 9559.8, 9422.0, 567.0]
7.724401108423869
[0.4, 1, 1, 1]
[0.0, 0.7086772699818767, 0.4455937935150116, 43.62680288461537, 24.927075046406788, 33.098591549295776]
5750.233333333333
[4889.0, 5043.4, 5055.0, 9018.4, 9966.4, 529.2]
7.706035621960957
[0.3, 0, 0, 2]
[0.0, 1.5381518018924831, 0.5569922418937736, 35.49278846153845, 32.14531954388756, 24.225352112676067]
5752.299999999999
[4889.0, 5020.6, 5038.4, 8939.2, 10068.0, 558.6]
7.736500446001689
[0.1, 1, 2, 0]
[0.0, 1.0791222065633252, 0.2267754127710292, 34.30288461538463, 33.49244232299125, 31.126760563380284]
5753.166666666667
[4889.0, 4969.0, 5075.8, 9115.8, 9923.4, 546.0]
7.761194451649985
[0.01, 0, 0, 0]
[0.0, 0.040265753976243206, 0.9707579073005805, 36.95612980769229, 31.575178997613364, 28.169014084507044]
5754.799999999999
[4889.0, 5004.6, 5052.6, 9251.0, 9774.4, 557.2]
7.709758869806925
[0.4, 0, 0, 1]
[0.0, 0.7569961747533797, 0.5092500497314574, 38.98737980769231, 29.59957570936091, 30.79812206572771]
5758.633333333334
[4889.0, 5007.0, 5050.8, 8895.8, 10170.2, 539.0]
7.766019129753114
[0.1, 1, 1, 2]
[0.0, 0.8053150795248641, 0.4734434056097112, 33.65084134615384, 34.847520551577844, 26.525821596244132]
5759.066666666666
[4889.0, 4992.2, 5065.6, 9018.2, 10031.2, 558.2]
7.7255444924036665
[0.4, 0, 0, 0]
[0.0, 0.5073485001006607, 0.7678535906107095, 35.48978365384616, 33.00450808804032, 31.03286384976527]
5761.0
[4889.0, 4994.2, 5047.2, 8939.4, 10124.6, 571.6]
7.83993243376414
[0.1, 1, 0, 2]
[0.0, 0.547614254076904, 0.4018301173662188, 34.30588942307692, 34.24290639087776, 34.178403755868544]
5763.499999999999
[4889.0, 5025.8, 5057.6, 9042.8, 9999.2, 566.6]
7.716193183263141
[0.2, 1, 0, 2]
[0.0, 1.183813166901554, 0.6087129500696312, 35.859374999999986, 32.58021744895254, 33.00469483568076]
5771.766666666667
[4889.0, 5023.0, 5052.8, 9323.8, 9793.2, 548.8]
7.887366557121276
[0.01, 0, 1, 1]
[0.0, 1.1274411113348097, 0.5132285657449808, 40.08112980769229, 29.84884645982499, 28.826291079812194]
5773.433333333333
[4889.0, 4985.0, 5060.8, 9147.2, 9981.4, 577.2]
7.951257602373758
[0.01, 0, 2, 0]
[0.0, 0.36239178578618886, 0.6723692062860589, 37.42788461538463, 32.34420578095995, 35.49295774647888]
5775.2
[4889.0, 4985.0, 5052.8, 8863.6, 10282.6, 578.2]
7.715698472658793
[0.4, 0, 2, 0]
[0.0, 0.36239178578618886, 0.5132285657449808, 33.167067307692314, 36.337841421373646, 35.727699530516446]
5779.666666666667
[4889.0, 5019.0, 5074.8, 9204.8, 9938.2, 552.2]
7.778387745221456
[0.1, 1, 1, 0]
[0.0, 1.0469096033823233, 0.9508653272329457, 38.29326923076922, 31.771413418191468, 29.62441314553992]
5784.333333333333
[4889.0, 5035.4, 5045.6, 9201.4, 9985.8, 548.8]
7.768921494483948
[0.2, 1, 0, 0]
[0.0, 1.3770887859875103, 0.37000198925801403, 38.2421875, 32.402545743834516, 28.826291079812194]
5784.599999999999
[4889.0, 5009.0, 5051.0, 9152.6, 10037.6, 568.4]
7.712728452682495
[0.4, 0, 1, 2]
[0.0, 0.8455808335011074, 0.4774219216232345, 37.509014423076934, 33.089366215857865, 33.42723004694835]
5784.766666666667
[4889.0, 5023.8, 5046.2, 9253.0, 9902.8, 593.8]
7.97133572101593
[0.1, 0, 0, 0]
[0.0, 1.1435474129253107, 0.381937537298584, 39.01742788461539, 31.3020418987006, 39.38967136150234]
5786.299999999999
[4889.0, 5017.8, 5061.4, 9421.8, 9768.2, 559.6]
7.717012612024942
[0.4, 1, 0, 2]
[0.0, 1.022750150996581, 0.684304754326629, 41.553485576923066, 29.517369398037662, 31.361502347417847]
5790.466666666666
[4889.0, 5009.0, 5043.4, 9372.2, 9878.6, 550.6]
7.7061087449391685
[0.5, 0, 1, 1]
[0.0, 0.8455808335011074, 0.32623831310920304, 40.80829326923078, 30.981172102890486, 29.248826291079816]
5793.599999999999
[4889.0, 4973.0, 5066.0, 9361.2, 9891.4, 581.0]
7.7804785331090285
[0.3, 1, 2, 1]
[0.0, 0.12079726192872962, 0.7758106226377561, 40.643028846153854, 31.150888358525584, 36.38497652582159]
5795.399999999999
[4889.0, 5043.4, 5052.2, 9290.8, 9934.8, 562.2]
7.7771686236063635
[0.2, 1, 2, 0]
[0.0, 1.5381518018924831, 0.5012930177043926, 39.58533653846153, 31.726332537788377, 31.971830985915506]
5796.733333333334
[4889.0, 4991.8, 5057.8, 9636.4, 9652.0, 553.4]
7.700227268536885
[0.01, 0, 0, 2]
[0.0, 0.4992953493054194, 0.6126914660831546, 44.777644230769226, 27.976664014850172, 29.906103286384973]
5797.866666666666
[4889.0, 5035.0, 5078.8, 9500.8, 9747.0, 536.6]
7.758000413576762
[0.2, 1, 1, 2]
[0.0, 1.369035635192269, 1.0304356475034848, 42.7403846153846, 29.236276849642007, 25.962441314553995]
5798.099999999999
[4889.0, 5003.8, 5056.2, 9472.2, 9807.4, 560.0]
7.7741672356923415
[0.3, 0, 1, 1]
[0.0, 0.7408898731628787, 0.5808633379749317, 42.31069711538463, 30.037125430920174, 31.455399061032864]
5800.166666666667
[4889.0, 4971.0, 5068.6, 8907.8, 10417.4, 547.2]
7.707563940684001
[0.2, 1, 1, 0]
[0.0, 0.08053150795248641, 0.8275313308136137, 33.83112980769229, 38.12516573853089, 28.450704225352126]
5802.666666666667
[4889.0, 4991.8, 5063.0, 9313.6, 10003.6, 555.0]
7.900779859224954
[0.01, 1, 2, 1]
[0.0, 0.4992953493054194, 0.7161328824348518, 39.92788461538462, 32.63855741182711, 30.28169014084507]
5803.266666666666
[4889.0, 5023.0, 5125.2, 9051.0, 10179.8, 551.6]
7.749495712916057
[0.3, 1, 0, 0]
[0.0, 1.1274411113348097, 1.9534513626417311, 35.98257211538461, 34.974807743304154, 29.48356807511738]
5803.566666666668
[4889.0, 5002.2, 5066.0, 9091.6, 10206.8, 565.8]
7.753511230150859
[0.1, 1, 2, 2]
[0.0, 0.7086772699818767, 0.7758106226377561, 36.59254807692308, 35.332802970034464, 32.8169014084507]
5809.599999999999
[4889.0, 4991.8, 5052.8, 9544.2, 9797.4, 582.4]
7.76040689945221
[0.3, 0, 1, 0]
[0.0, 0.4992953493054194, 0.5132285657449808, 43.3924278846154, 29.904534606205246, 36.71361502347417]
5811.599999999999
[4889.0, 4969.0, 5048.4, 9121.6, 10267.0, 574.6]
7.703145416577656
[0.5, 1, 0, 0]
[0.0, 0.040265753976243206, 0.4257012134473769, 37.04326923076924, 36.13099973481835, 34.88262910798123]
5815.833333333333
[4889.0, 5002.2, 5041.4, 9430.8, 9965.4, 566.2]
7.846784973144531
[0.01, 0, 2, 2]
[0.0, 0.7086772699818767, 0.2864531529739335, 41.68870192307691, 32.13206046141607, 32.910798122065735]
5817.700000000001
[4889.0, 5008.6, 5045.6, 9272.6, 10104.4, 586.0]
7.777176078160605
[0.2, 0, 2, 1]
[0.0, 0.8375276827058661, 0.37000198925801403, 39.31189903846155, 33.97507292495359, 37.558685446009385]
5821.099999999999
[4889.0, 5021.0, 5054.4, 9373.0, 10032.6, 556.6]
7.79286294778188
[0.1, 1, 0, 1]
[0.0, 1.0871753573585665, 0.5450566938531856, 40.8203125, 33.0230708035004, 30.65727699530517]
5822.033333333333
[4889.0, 5004.2, 5049.4, 9230.0, 10200.4, 559.2]
7.803476842244465
[0.3, 1, 2, 0]
[0.0, 0.74894302395812, 0.4455937935150116, 38.671875, 35.24794484221692, 31.267605633802827]
5822.7333333333345
[4889.0, 5035.0, 5050.8, 9495.6, 9903.2, 562.8]
7.687907560666402
[0.5, 1, 1, 2]
[0.0, 1.369035635192269, 0.4734434056097112, 42.66225961538462, 31.30734553168922, 32.11267605633802]
5827.533333333334
[4889.0, 5034.6, 5051.2, 9246.0, 10155.0, 589.4]
7.770576159159343
[0.1, 0, 1, 2]
[0.0, 1.3609824843970277, 0.4814004376367579, 38.91225961538461, 34.645982498011136, 38.35680751173708]
5828.2
[4889.0, 5026.2, 5130.8, 8991.0, 10394.0, 538.2]
7.723307458559671
[0.4, 1, 1, 0]
[0.0, 1.1918663176967952, 2.064849811020493, 35.08112980769231, 37.814903208697956, 26.338028169014095]
5830.999999999999
[4889.0, 5014.2, 5038.4, 9187.0, 10291.8, 565.6]
7.706178776423136
[0.4, 1, 0, 1]
[0.0, 0.950271793839336, 0.2267754127710292, 38.02584134615385, 36.459824980111364, 32.7699530516432]
5834.0
[4889.0, 5007.4, 5067.8, 9383.6, 10095.6, 560.6]
7.9336291551589975
[0.01, 0, 1, 2]
[0.0, 0.8133682303201054, 0.8116172667595024, 40.979567307692314, 33.85839299920446, 31.596244131455403]
5838.766666666666
[4889.0, 5008.6, 5066.4, 9808.6, 9708.6, 551.4]
7.714484333992004
[0.5, 0, 2, 2]
[0.0, 0.8375276827058661, 0.7837676546648027, 47.36478365384616, 28.72712808273668, 29.436619718309853]
5840.366666666666
[4889.0, 5019.0, 5051.0, 9437.6, 10098.8, 546.8]
7.745751706759134
[0.1, 0, 1, 0]
[0.0, 1.0469096033823233, 0.4774219216232345, 41.79086538461539, 33.900822063113225, 28.35680751173708]
5845.466666666666
[4889.0, 4983.0, 5042.0, 9668.4, 9940.8, 549.6]
7.789286208152771
[0.2, 0, 2, 2]
[0.0, 0.32212603180994565, 0.2983887010145216, 45.25841346153845, 31.805887032617335, 29.01408450704226]
5847.166666666667
[4889.0, 5003.8, 5045.8, 9030.6, 10583.4, 530.4]
7.778431391716005
[0.3, 0, 2, 0]
[0.0, 0.7408898731628787, 0.37398050527153737, 35.67608173076924, 40.326173428798725, 24.50704225352112]
5847.399999999999
[4889.0, 5004.2, 5052.4, 9361.6, 10224.0, 553.2]
7.776956677436829
[0.3, 1, 0, 2]
[0.0, 0.74894302395812, 0.505271533717916, 40.64903846153847, 35.56085918854415, 29.859154929577475]
5847.833333333333
[4889.0, 5023.0, 5056.2, 8887.2, 10667.4, 564.2]
7.721380321184793
[0.3, 0, 0, 0]
[0.0, 1.1274411113348097, 0.5808633379749317, 33.52163461538463, 41.43993635640413, 32.44131455399062]
5847.966666666666
[4889.0, 4989.0, 5050.4, 9547.2, 10043.0, 569.2]
7.708445811271667
[0.4, 1, 0, 0]
[0.0, 0.44292329373867523, 0.46548637358264644, 43.437500000000014, 33.16096526120392, 33.615023474178415]
5850.266666666666
[4889.0, 5007.0, 5130.8, 9389.4, 10121.8, 563.6]
7.713112775484721
[0.4, 1, 1, 2]
[0.0, 0.8053150795248641, 2.064849811020493, 41.066706730769226, 34.20578095995756, 32.30046948356808]
5855.066666666666
[4889.0, 4999.0, 5056.0, 9353.8, 10272.4, 560.2]
7.707075293858846
[0.5, 0, 1, 0]
[0.0, 0.6442520636198913, 0.5768848219614084, 40.53185096153845, 36.20259878016441, 31.502347417840387]
5863.266666666666
[4889.0, 5006.2, 5077.6, 9616.2, 10047.0, 543.6]
7.937901552518208
[0.01, 1, 0, 1]
[0.0, 0.7892087779343632, 1.0065645514223267, 44.47415865384616, 33.2140015910899, 27.60563380281691]
5869.7
[4889.0, 4991.8, 5044.2, 9519.0, 10211.6, 562.6]
7.746441547075908
[0.01, 1, 2, 0]
[0.0, 0.4992953493054194, 0.3421523771633145, 43.01382211538461, 35.39644656589764, 32.06572769953052]
5877.633333333332
[4889.0, 4987.8, 5062.8, 9396.4, 10347.2, 582.6]
7.7168258905410765
[0.5, 0, 0, 1]
[0.0, 0.41876384135293304, 0.7121543664213285, 41.171875, 37.1943781490321, 36.760563380281695]
5887.166666666667
[4889.0, 5005.0, 5057.4, 9403.6, 10402.8, 565.2]
7.961592173576354
[0.1, 0, 2, 2]
[0.0, 0.7650493255486209, 0.6047344340560898, 41.28004807692308, 37.93158313444709, 32.67605633802818]
5912.5
[4889.0, 5021.4, 5066.0, 9582.8, 10389.0, 526.8]
7.701011379559836
[0.4, 0, 1, 0]
[0.0, 1.095228508153808, 0.7758106226377561, 43.97235576923076, 37.748607796340494, 23.661971830985905]
