5808.3
[4889.0, 5004.2, 5057.2, 9250.8, 10048.8, 599.8]
3.719534786542256
[0.4, 0, 0, 1]
[0.0, 0.74894302395812, 0.6007559180425665, 38.984374999999986, 33.237867939538575, 40.79812206572769]
5826.4000000000015
[4889.0, 5009.0, 5058.8, 8977.6, 10463.2, 560.8]
3.799600609143575
[0.3, 0, 0, 1]
[0.0, 0.8455808335011074, 0.6325840461507893, 34.87980769230769, 38.732431715725276, 31.6431924882629]
5855.533333333334
[4889.0, 5098.8, 5047.2, 8887.6, 10620.2, 590.4]
3.6724164168039954
[0.4, 1, 0, 1]
[0.0, 2.653513187034431, 0.4018301173662188, 33.52764423076924, 40.814107663749674, 38.59154929577464]
5872.666666666665
[4889.0, 4991.8, 5135.6, 9176.8, 10418.2, 624.6]
3.726584561665853
[0.5, 1, 0, 0]
[0.0, 0.4992953493054194, 2.1603341953451434, 37.872596153846146, 38.1357730045081, 46.61971830985916]
5907.599999999999
[4889.0, 4990.2, 5200.0, 9333.8, 10428.4, 604.2]
3.762796394030253
[0.2, 1, 0, 1]
[0.0, 0.4670827461244175, 3.4414163517008154, 40.23137019230768, 38.27101564571731, 41.83098591549297]
5918.600000000001
[4889.0, 4971.0, 5062.8, 9649.6, 10342.2, 597.0]
3.78260957400004
[0.1, 1, 0, 1]
[0.0, 0.08053150795248641, 0.7121543664213285, 44.97596153846155, 37.128082736674635, 40.140845070422536]
5923.166666666667
[4889.0, 5087.2, 5046.6, 9064.0, 10875.2, 577.0]
3.8387132406234747
[0.2, 0, 0, 1]
[0.0, 2.4199718139722126, 0.3898945693256488, 36.17788461538461, 44.19517369398039, 35.44600938967136]
5924.433333333333
[4889.0, 5101.6, 5131.2, 9479.0, 10340.4, 605.4]
3.7681654532750444
[0.4, 0, 0, 0]
[0.0, 2.709885242601175, 2.0728068430475397, 42.41286057692308, 37.10421638822593, 42.112676056338024]
5924.566666666667
[4889.0, 5004.2, 5056.4, 9401.4, 10654.0, 542.4]
3.7371431112289426
[0.5, 1, 0, 2]
[0.0, 0.74894302395812, 0.584841853988455, 41.246995192307686, 41.26226465128613, 27.32394366197183]
5936.766666666666
[4889.0, 5023.0, 5042.2, 9201.0, 10904.0, 561.4]
3.7545028368631996
[0.2, 1, 0, 2]
[0.0, 1.1274411113348097, 0.3023672170280449, 38.23617788461539, 44.577035269159374, 31.78403755868544]
5938.366666666666
[4889.0, 5095.8, 5048.0, 9310.0, 10707.2, 580.2]
3.8474486907323198
[0.1, 0, 0, 1]
[0.0, 2.5931145560700664, 0.41774418142033026, 39.87379807692308, 41.967647838769565, 36.19718309859156]
5943.200000000001
[4889.0, 5092.4, 5047.6, 9510.2, 10517.6, 602.4]
3.777004543940226
[0.3, 1, 0, 0]
[0.0, 2.5246627743104417, 0.40978714939328353, 42.88161057692309, 39.453725802174496, 41.408450704225345]
5958.200000000001
[4889.0, 5006.2, 5076.4, 9316.0, 10856.2, 605.4]
3.7950340668360387
[0.3, 1, 0, 1]
[0.0, 0.7892087779343632, 0.9826934553411505, 39.96394230769231, 43.94325112702202, 42.112676056338024]
5962.733333333334
[4889.0, 4990.2, 5063.8, 9503.0, 10740.4, 590.0]
3.750543705622355
[0.5, 0, 0, 1]
[0.0, 0.4670827461244175, 0.7320469464889633, 42.7734375, 42.40784937682312, 38.497652582159624]
5986.3
[4889.0, 4971.0, 5036.2, 9616.6, 10840.0, 565.0]
3.751409514745076
[0.1, 1, 0, 2]
[0.0, 0.08053150795248641, 0.18301173662223627, 44.480168269230774, 43.72845399098382, 32.629107981220656]
5990.833333333333
[4889.0, 5093.6, 5045.4, 9731.0, 10591.8, 594.2]
3.7412904024124143
[0.4, 0, 0, 2]
[0.0, 2.548822226696202, 0.36602347324447254, 46.198918269230774, 40.43754972155926, 39.48356807511738]
6008.400000000001
[4889.0, 4973.0, 5135.8, 9710.2, 10762.4, 580.0]
3.72039384841919
[0.5, 0, 0, 0]
[0.0, 0.12079726192872962, 2.164312711358667, 45.88641826923078, 42.69954919119596, 36.15023474178404]
6010.933333333333
[4889.0, 5002.2, 5074.8, 9795.0, 10740.6, 564.0]
3.8711762030919386
[0.1, 0, 0, 0]
[0.0, 0.7086772699818767, 0.9508653272329457, 47.160456730769226, 42.41050119331743, 32.3943661971831]
6011.033333333333
[4889.0, 5006.6, 5070.0, 10108.0, 10417.6, 575.0]
3.7480482975641887
[0.3, 1, 0, 2]
[0.0, 0.7972619287296229, 0.8553809429082952, 51.862980769230774, 38.127817555025196, 34.97652582159624]
6033.633333333334
[4889.0, 5077.2, 5057.8, 9705.8, 10874.6, 597.4]
3.727938493092855
[0.5, 1, 0, 1]
[0.0, 2.2186430440909968, 0.6126914660831546, 45.820312499999986, 44.18721824449749, 40.23474178403755]
6036.566666666667
[4889.0, 5009.4, 5045.6, 10151.2, 10522.8, 601.4]
3.7189443588256843
[0.5, 0, 0, 2]
[0.0, 0.8536339842963486, 0.37000198925801403, 52.51201923076925, 39.522673031026244, 41.17370892018779]
6047.3
[4889.0, 4987.8, 5069.8, 9523.4, 11230.0, 583.8]
3.777377676963806
[0.1, 1, 0, 0]
[0.0, 0.41876384135293304, 0.8514024268947719, 43.07992788461538, 48.899496154866085, 37.04225352112675]
6056.100000000001
[4889.0, 5002.2, 5134.4, 9872.8, 10827.4, 610.8]
3.7013543208440147
[0.4, 1, 0, 0]
[0.0, 0.7086772699818767, 2.1364630992639673, 48.32932692307691, 43.56138955184301, 43.38028169014083]
6061.7
[4889.0, 4987.0, 5270.0, 9372.6, 11233.4, 618.2]
3.8093145926793412
[0.1, 0, 0, 2]
[0.0, 0.40265753976243207, 4.833896956435249, 40.81430288461539, 48.944577035269155, 45.11737089201879]
6072.733333333334
[4889.0, 4975.0, 5149.6, 10217.6, 10606.4, 598.8]
3.7265626430511474
[0.4, 1, 0, 2]
[0.0, 0.16106301590497282, 2.43883031629203, 53.509615384615394, 40.63113232564306, 40.56338028169013]
6095.3
[4889.0, 5006.6, 5179.6, 10150.8, 10752.0, 593.8]
3.7953080654144293
[0.3, 0, 0, 2]
[0.0, 0.7972619287296229, 3.0356077183210735, 52.506009615384606, 42.561654733492446, 39.38967136150234]
6109.7333333333345
[4889.0, 5018.6, 5116.0, 9781.2, 11266.8, 586.8]
3.7646657784779864
[0.2, 0, 0, 2]
[0.0, 1.038856452587082, 1.7704396260194946, 46.953125000000014, 49.38743038981702, 37.746478873239425]
6133.900000000001
[4889.0, 5007.0, 5210.8, 10107.4, 11016.4, 572.8]
3.7433067878087365
[0.2, 1, 0, 0]
[0.0, 0.8053150795248641, 3.656256216431275, 51.85396634615385, 46.06735613895518, 34.46009389671361]
6136.366666666666
[4889.0, 4973.0, 5040.2, 10044.0, 11264.0, 608.0]
3.800562675793966
[0.3, 0, 0, 0]
[0.0, 0.12079726192872962, 0.2625820568927754, 50.901442307692314, 49.35030495889684, 42.72300469483568]
6174.566666666666
[4889.0, 4992.2, 5053.6, 10365.8, 11150.6, 596.2]
3.837263321876526
[0.2, 0, 0, 0]
[0.0, 0.5073485001006607, 0.5291426297990922, 55.73617788461538, 47.84672500662955, 39.9530516431925]