0.5 1 0 0
subtours ____________________ini
8 -> 9
9 -> 5
5 -> 14
14 -> 8
4 -> 8
8 -> 4
12 -> 10
10 -> 1
1 -> 13
13 -> 5
5 -> 3
3 -> 12
7 -> 2
2 -> 0
0 -> 11
11 -> 14
14 -> 9
9 -> 7
12 -> 1
1 -> 4
4 -> 6
6 -> 7
7 -> 0
0 -> 12
2 -> 11
11 -> 2
subtours ____________________end
removed:  13 added:  13
[6, 13]
[10, 3]
[9, 5]
[14, 8]
[4, 8]
[10, 1]
[13, 5]
[3, 12]
[7, 2]
[0, 11]
[14, 9]
[1, 4]
[6, 7]
[0, 12]
[11, 2]
-------------
original
[[6, 13], [10, 3], [9, 5], [14, 8], [4, 8], [10, 1], [13, 5], [3, 12], [7, 2], [0, 11], [14, 9], [1, 4], [6, 7], [0, 12], [11, 2]]
-------------
subtours ____________________ini
9 -> 13
13 -> 9
3 -> 13
13 -> 10
10 -> 9
9 -> 12
12 -> 2
2 -> 3
8 -> 11
11 -> 8
4 -> 3
3 -> 4
6 -> 14
14 -> 8
8 -> 10
10 -> 5
5 -> 1
1 -> 4
4 -> 5
5 -> 7
7 -> 12
12 -> 6
subtours ____________________end
removed:  11 added:  11
[2, 6]
[14, 11]
[1, 0]
[0, 7]
[9, 13]
[13, 10]
[9, 12]
[2, 3]
[8, 11]
[3, 4]
[14, 8]
[10, 5]
[1, 4]
[5, 7]
[12, 6]
-------------
original
[[14, 11], [8, 11], [14, 8]]
[[2, 6], [1, 0], [0, 7], [9, 13], [13, 10], [9, 12], [2, 3], [3, 4], [10, 5], [1, 4], [5, 7], [12, 6]]
-------------
j* : 1
[[2, 6], [1, 0], [0, 7], [9, 13], [13, 10], [9, 12], [2, 3], [3, 4], [10, 5], [1, 4], [5, 7], [12, 6]]
1 [1, 5]
all tours: 2
3
12
antes:  [8, 11] [9, 12]
subtours ____________________ini
1 -> 0
0 -> 1
2 -> 10
10 -> 13
13 -> 12
12 -> 8
8 -> 13
13 -> 12
12 -> 7
7 -> 9
9 -> 5
5 -> 3
3 -> 8
8 -> 0
0 -> 11
11 -> 2
subtours ____________________end
removed:  8 added:  8
[7, 4]
[4, 5]
[9, 14]
[14, 6]
[6, 1]
[11, 10]
[2, 3]
[1, 0]
[10, 13]
[12, 8]
[13, 12]
[7, 9]
[5, 3]
[8, 0]
[11, 2]
-------------
original
[[7, 4], [4, 5], [9, 14], [14, 6], [6, 1], [11, 10], [2, 3], [1, 0], [10, 13], [12, 8], [13, 12], [7, 9], [5, 3], [8, 0], [11, 2]]
-------------
subtours ____________________ini
1 -> 13
13 -> 3
3 -> 10
10 -> 8
8 -> 4
4 -> 5
5 -> 3
3 -> 4
4 -> 6
6 -> 2
2 -> 11
11 -> 14
14 -> 5
5 -> 1
7 -> 0
0 -> 7
subtours ____________________end
removed:  8 added:  8
[2, 0]
[7, 9]
[9, 8]
[6, 13]
[1, 12]
[12, 10]
[14, 11]
[13, 3]
[10, 8]
[4, 5]
[3, 4]
[6, 2]
[11, 14]
[5, 1]
[0, 7]
-------------
original
[[14, 11], [11, 14]]
[[2, 0], [7, 9], [9, 8], [6, 13], [1, 12], [12, 10], [13, 3], [10, 8], [4, 5], [3, 4], [6, 2], [5, 1], [0, 7]]
-------------
j* : 1
[[2, 0], [7, 9], [9, 8], [6, 13], [1, 12], [12, 10], [13, 3], [10, 8], [4, 5], [3, 4], [6, 2], [5, 1], [0, 7]]
0 [1, 7]
all tours: 2
2
13
antes:  [14, 11] [10, 8]
subtours ____________________ini
9 -> 12
12 -> 3
3 -> 4
4 -> 9
1 -> 11
11 -> 2
2 -> 3
3 -> 1
10 -> 13
13 -> 12
12 -> 6
6 -> 14
14 -> 7
7 -> 10
0 -> 2
2 -> 8
8 -> 11
11 -> 14
14 -> 8
8 -> 0
subtours ____________________end
removed:  10 added:  10
[6, 0]
[4, 1]
[7, 5]
[5, 10]
[13, 9]
[12, 3]
[4, 9]
[11, 2]
[3, 1]
[13, 12]
[6, 14]
[7, 10]
[2, 8]
[11, 14]
[8, 0]
-------------
original
[[7, 5], [5, 10], [7, 10]]
[[6, 0], [11, 2], [6, 14], [2, 8], [11, 14], [8, 0]]
[[4, 1], [13, 9], [12, 3], [4, 9], [3, 1], [13, 12]]
-------------
j* : 2
[[4, 1], [13, 9], [12, 3], [4, 9], [3, 1], [13, 12]]
2 [2, 1]
all tours: 3
3
6
6
antes:  [7, 10] [13, 9]
j* : 0
[[7, 5], [5, 10], [4, 1], [12, 3], [4, 9], [3, 1], [13, 12], [7, 9], [10, 13]]
2 [0, 5]
all tours: 3
9
6
5
antes:  [6, 14] [3, 1]
subtours ____________________ini
8 -> 2
2 -> 14
14 -> 0
0 -> 6
6 -> 11
11 -> 3
3 -> 7
7 -> 8
13 -> 6
6 -> 5
5 -> 0
0 -> 13
subtours ____________________end
removed:  6 added:  6
[7, 9]
[9, 5]
[13, 10]
[10, 3]
[11, 4]
[4, 1]
[1, 14]
[2, 12]
[12, 8]
[8, 2]
[14, 0]
[6, 11]
[3, 7]
[6, 5]
[0, 13]
-------------
original
[[2, 12], [12, 8], [8, 2]]
[[7, 9], [9, 5], [13, 10], [10, 3], [11, 4], [4, 1], [1, 14], [14, 0], [6, 11], [3, 7], [6, 5], [0, 13]]
-------------
j* : 1
[[7, 9], [9, 5], [13, 10], [10, 3], [11, 4], [4, 1], [1, 14], [14, 0], [6, 11], [3, 7], [6, 5], [0, 13]]
0 [1, 11]
all tours: 2
3
12
antes:  [2, 12] [0, 13]
subtours ____________________ini
7 -> 9
9 -> 3
3 -> 4
4 -> 13
13 -> 5
5 -> 14
14 -> 6
6 -> 7
subtours ____________________end
removed:  4 added:  4
[11, 9]
[7, 8]
[8, 12]
[12, 10]
[10, 1]
[1, 4]
[3, 13]
[5, 2]
[2, 0]
[0, 6]
[14, 11]
[9, 3]
[4, 13]
[5, 14]
[6, 7]
-------------
original
[[11, 9], [7, 8], [8, 12], [12, 10], [10, 1], [1, 4], [3, 13], [5, 2], [2, 0], [0, 6], [14, 11], [9, 3], [4, 13], [5, 14], [6, 7]]
-------------
subtours ____________________ini
1 -> 3
3 -> 6
6 -> 7
7 -> 8
8 -> 14
14 -> 5
5 -> 12
12 -> 0
0 -> 8
8 -> 2
2 -> 13
13 -> 3
3 -> 9
9 -> 1
11 -> 10
10 -> 11
14 -> 2
2 -> 0
0 -> 4
4 -> 14
subtours ____________________end
removed:  10 added:  10
[11, 5]
[7, 4]
[12, 9]
[1, 6]
[13, 10]
[1, 3]
[6, 7]
[8, 14]
[5, 12]
[0, 8]
[2, 13]
[3, 9]
[10, 11]
[2, 0]
[4, 14]
-------------
original
[[11, 5], [7, 4], [12, 9], [1, 6], [13, 10], [1, 3], [6, 7], [8, 14], [5, 12], [0, 8], [2, 13], [3, 9], [10, 11], [2, 0], [4, 14]]
-------------
subtours ____________________ini
11 -> 14
14 -> 0
0 -> 6
6 -> 5
5 -> 2
2 -> 11
3 -> 6
6 -> 14
14 -> 13
13 -> 3
12 -> 10
10 -> 12
4 -> 3
3 -> 4
subtours ____________________end
removed:  7 added:  7
[0, 12]
[10, 9]
[9, 4]
[5, 8]
[8, 11]
[2, 7]
[7, 1]
[1, 13]
[11, 14]
[0, 6]
[5, 2]
[6, 14]
[13, 3]
[10, 12]
[3, 4]
-------------
original
[[0, 12], [10, 9], [9, 4], [5, 8], [8, 11], [2, 7], [7, 1], [1, 13], [11, 14], [0, 6], [5, 2], [6, 14], [13, 3], [10, 12], [3, 4]]
-------------
subtours ____________________ini
12 -> 8
8 -> 11
11 -> 6
6 -> 4
4 -> 10
10 -> 5
5 -> 4
4 -> 7
7 -> 3
3 -> 1
1 -> 9
9 -> 12
13 -> 8
8 -> 2
2 -> 0
0 -> 13
5 -> 6
6 -> 5
9 -> 7
7 -> 9
13 -> 2
2 -> 12
12 -> 10
10 -> 13
14 -> 0
0 -> 14
subtours ____________________end
removed:  13 added:  13
[11, 1]
[3, 14]
[8, 11]
[6, 4]
[10, 5]
[4, 7]
[3, 1]
[9, 12]
[13, 8]
[2, 0]
[6, 5]
[7, 9]
[2, 12]
[10, 13]
[0, 14]
-------------
original
[[11, 1], [3, 14], [8, 11], [6, 4], [10, 5], [4, 7], [3, 1], [9, 12], [13, 8], [2, 0], [6, 5], [7, 9], [2, 12], [10, 13], [0, 14]]
-------------
subtours ____________________ini
12 -> 13
13 -> 8
8 -> 9
9 -> 12
1 -> 7
7 -> 8
8 -> 0
0 -> 1
11 -> 5
5 -> 4
4 -> 3
3 -> 14
14 -> 2
2 -> 6
6 -> 4
4 -> 0
0 -> 7
7 -> 2
2 -> 6
6 -> 12
12 -> 10
10 -> 11
subtours ____________________end
removed:  11 added:  11
[9, 1]
[13, 14]
[3, 5]
[11, 10]
[12, 13]
[8, 9]
[7, 8]
[0, 1]
[5, 4]
[3, 14]
[2, 6]
[4, 0]
[7, 2]
[6, 12]
[10, 11]
-------------
original
[[11, 10], [10, 11]]
[[9, 1], [13, 14], [3, 5], [12, 13], [8, 9], [7, 8], [0, 1], [5, 4], [3, 14], [2, 6], [4, 0], [7, 2], [6, 12]]
-------------
j* : 1
[[9, 1], [13, 14], [3, 5], [12, 13], [8, 9], [7, 8], [0, 1], [5, 4], [3, 14], [2, 6], [4, 0], [7, 2], [6, 12]]
0 [1, 1]
all tours: 2
2
13
antes:  [11, 10] [13, 14]
subtours ____________________ini
11 -> 1
1 -> 11
8 -> 14
14 -> 12
12 -> 9
9 -> 4
4 -> 1
1 -> 0
0 -> 2
2 -> 5
5 -> 10
10 -> 8
subtours ____________________end
removed:  6 added:  6
[8, 7]
[7, 11]
[0, 6]
[6, 9]
[4, 3]
[3, 14]
[12, 2]
[5, 13]
[13, 10]
[11, 1]
[8, 14]
[12, 9]
[4, 1]
[0, 2]
[5, 10]
-------------
original
[[5, 13], [13, 10], [5, 10]]
[[0, 6], [6, 9], [12, 2], [12, 9], [0, 2]]
[[8, 7], [7, 11], [4, 3], [3, 14], [11, 1], [8, 14], [4, 1]]
-------------
j* : 1
[[0, 6], [6, 9], [12, 2], [12, 9], [0, 2]]
0 [1, 3]
all tours: 3
3
5
7
antes:  [5, 13] [12, 9]
j* : 0
[[13, 10], [5, 10], [0, 6], [6, 9], [12, 2], [0, 2], [5, 9], [13, 12]]
4 [0, 3]
all tours: 3
8
7
7
antes:  [11, 1] [6, 9]
subtours ____________________ini
2 -> 12
12 -> 8
8 -> 7
7 -> 3
3 -> 11
11 -> 6
6 -> 0
0 -> 13
13 -> 10
10 -> 12
12 -> 8
8 -> 2
9 -> 7
7 -> 9
0 -> 5
5 -> 4
4 -> 1
1 -> 11
11 -> 4
4 -> 10
10 -> 3
3 -> 14
14 -> 2
2 -> 13
13 -> 6
6 -> 5
5 -> 9
9 -> 1
1 -> 14
14 -> 0
subtours ____________________end
removed:  15 added:  15
[2, 12]
[8, 7]
[3, 11]
[6, 0]
[13, 10]
[12, 8]
[7, 9]
[0, 5]
[4, 1]
[11, 4]
[10, 3]
[14, 2]
[13, 6]
[5, 9]
[1, 14]
-------------
original
[[2, 12], [8, 7], [3, 11], [6, 0], [13, 10], [12, 8], [7, 9], [0, 5], [4, 1], [11, 4], [10, 3], [14, 2], [13, 6], [5, 9], [1, 14]]
-------------
subtours ____________________ini
1 -> 0
0 -> 1
9 -> 11
11 -> 4
4 -> 12
12 -> 9
2 -> 11
11 -> 7
7 -> 14
14 -> 2
subtours ____________________end
removed:  5 added:  5
[12, 0]
[1, 5]
[5, 13]
[13, 6]
[6, 14]
[7, 10]
[10, 9]
[2, 8]
[8, 3]
[3, 4]
[1, 0]
[11, 4]
[12, 9]
[11, 7]
[14, 2]
-------------
original
[[12, 0], [1, 5], [5, 13], [13, 6], [6, 14], [7, 10], [10, 9], [2, 8], [8, 3], [3, 4], [1, 0], [11, 4], [12, 9], [11, 7], [14, 2]]
-------------
subtours ____________________ini
5 -> 6
6 -> 5
7 -> 8
8 -> 0
0 -> 2
2 -> 4
4 -> 9
9 -> 7
subtours ____________________end
removed:  4 added:  4
[8, 3]
[3, 11]
[11, 10]
[10, 14]
[14, 1]
[1, 13]
[13, 5]
[6, 2]
[0, 12]
[12, 4]
[9, 7]
[6, 5]
[8, 0]
[2, 4]
[9, 7]
-------------
original
[[9, 7], [9, 7]]
[[8, 3], [3, 11], [11, 10], [10, 14], [14, 1], [1, 13], [13, 5], [6, 2], [0, 12], [12, 4], [6, 5], [8, 0], [2, 4]]
-------------
j* : 1
[[8, 3], [3, 11], [11, 10], [10, 14], [14, 1], [1, 13], [13, 5], [6, 2], [0, 12], [12, 4], [6, 5], [8, 0], [2, 4]]
0 [1, 11]
all tours: 2
2
13
antes:  [9, 7] [8, 0]
subtours ____________________ini
14 -> 8
8 -> 13
13 -> 6
6 -> 2
2 -> 11
11 -> 5
5 -> 13
13 -> 14
10 -> 11
11 -> 0
0 -> 8
8 -> 4
4 -> 6
6 -> 7
7 -> 1
1 -> 10
subtours ____________________end
removed:  8 added:  8
[12, 9]
[9, 1]
[7, 0]
[14, 2]
[4, 3]
[3, 5]
[10, 12]
[14, 8]
[13, 6]
[2, 11]
[5, 13]
[11, 0]
[8, 4]
[6, 7]
[1, 10]
-------------
original
[[12, 9], [9, 1], [10, 12], [1, 10]]
[[7, 0], [14, 2], [4, 3], [3, 5], [14, 8], [13, 6], [2, 11], [5, 13], [11, 0], [8, 4], [6, 7]]
-------------
j* : 1
[[7, 0], [14, 2], [4, 3], [3, 5], [14, 8], [13, 6], [2, 11], [5, 13], [11, 0], [8, 4], [6, 7]]
3 [1, 5]
all tours: 2
4
11
antes:  [1, 10] [13, 6]
subtours ____________________ini
5 -> 3
3 -> 4
4 -> 14
14 -> 13
13 -> 11
11 -> 8
8 -> 6
6 -> 5
2 -> 11
11 -> 5
5 -> 8
8 -> 1
1 -> 7
7 -> 2
10 -> 12
12 -> 10
subtours ____________________end
removed:  8 added:  8
[1, 12]
[10, 0]
[0, 2]
[7, 13]
[3, 9]
[9, 14]
[4, 6]
[3, 4]
[14, 13]
[11, 8]
[6, 5]
[2, 11]
[5, 8]
[1, 7]
[10, 12]
-------------
original
[[1, 12], [10, 0], [0, 2], [7, 13], [3, 9], [9, 14], [4, 6], [3, 4], [14, 13], [11, 8], [6, 5], [2, 11], [5, 8], [1, 7], [10, 12]]
-------------
subtours ____________________ini
12 -> 13
13 -> 12
5 -> 4
4 -> 6
6 -> 12
12 -> 3
3 -> 13
13 -> 5
8 -> 0
0 -> 1
1 -> 3
3 -> 14
14 -> 11
11 -> 10
10 -> 7
7 -> 8
8 -> 9
9 -> 7
7 -> 2
2 -> 8
subtours ____________________end
removed:  10 added:  10
[5, 9]
[2, 6]
[14, 10]
[11, 1]
[0, 4]
[13, 12]
[4, 6]
[12, 3]
[13, 5]
[8, 0]
[1, 3]
[14, 11]
[10, 7]
[9, 7]
[2, 8]
-------------
original
[[2, 6], [0, 4], [4, 6], [8, 0], [2, 8]]
[[5, 9], [14, 10], [11, 1], [13, 12], [12, 3], [13, 5], [1, 3], [14, 11], [10, 7], [9, 7]]
-------------
j* : 1
[[5, 9], [14, 10], [11, 1], [13, 12], [12, 3], [13, 5], [1, 3], [14, 11], [10, 7], [9, 7]]
2 [1, 6]
all tours: 2
5
10
antes:  [4, 6] [1, 3]
subtours ____________________ini
9 -> 8
8 -> 12
12 -> 1
1 -> 9
5 -> 3
3 -> 14
14 -> 11
11 -> 6
6 -> 4
4 -> 5
2 -> 11
11 -> 1
1 -> 13
13 -> 0
0 -> 7
7 -> 3
3 -> 10
10 -> 4
4 -> 8
8 -> 2
12 -> 10
10 -> 12
subtours ____________________end
removed:  11 added:  11
[2, 0]
[7, 9]
[6, 13]
[5, 14]
[8, 12]
[1, 9]
[3, 14]
[11, 6]
[4, 5]
[11, 1]
[13, 0]
[7, 3]
[10, 4]
[8, 2]
[10, 12]
-------------
original
[[2, 0], [7, 9], [6, 13], [5, 14], [8, 12], [1, 9], [3, 14], [11, 6], [4, 5], [11, 1], [13, 0], [7, 3], [10, 4], [8, 2], [10, 12]]
-------------
subtours ____________________ini
5 -> 1
1 -> 8
8 -> 13
13 -> 5
4 -> 9
4 -> 9
2 -> 9
9 -> 10
10 -> 3
3 -> 2
14 -> 12
12 -> 0
0 -> 7
7 -> 5
5 -> 6
6 -> 14
2 -> 14
14 -> 11
11 -> 13
13 -> 4
4 -> 9
2 -> 9
subtours ____________________end
removed:  11 added:  11
[4, 12]
[3, 8]
[1, 0]
[7, 11]
[6, 10]
[5, 1]
[8, 13]
[4, 9]
[2, 9]
[10, 3]
[12, 0]
[7, 5]
[6, 14]
[14, 11]
[13, 4]
[2, 9]
-------------
original
[]
[[4, 12], [3, 8], [1, 0], [7, 11], [6, 10], [5, 1], [8, 13], [4, 9], [2, 9], [10, 3], [12, 0], [7, 5], [6, 14], [14, 11], [13, 4], [2, 9]]
-------------
j* : 0
[]
0 [0, 0]
all tours: 2
0
16
-----------------------------------
[[4, 12], [3, 8], [1, 0], [7, 11], [6, 10], [5, 1], [8, 13], [4, 9], [2, 9], [10, 3], [12, 0], [7, 5], [6, 14], [14, 11], [13, 4], [2, 9]]
-----------------------------------
