

----
mnist_even
Train size: 3000
Test size: 1000
Features dimension: 784
[0.492, 10, 1000, 1000]
[0.492, 100, 1000, 1000]
[0.492, 1000, 10, 1000]
[0.492, 1000, 100, 10]
[0.492, 1000, 100, 1000]
[0.492, 1000, 1000, 10]
[0.492, 1000, 1000, 100]
[0.508, 1000, 10, 10]
[0.508, 1000, 10, 1000]
[0.508, 1000, 100, 1000]
[0.508, 1000, 1000, 10]
[0.719, 1000, 10, 100]
[0.888, 10, 10, 0]
[0.898, 10, 100, 1000]
[0.905, 10, 100, 10]
[0.907, 10, 10, 10]
[0.907, 10, 1000, 1000]
[0.909, 10, 100, 0]
[0.91, 10, 100, 0]
[0.912, 10, 10, 0]
[0.913, 10, 100, 100]
[0.915, 10, 100, 10]
[0.917, 10, 100, 10]
[0.919, 100, 100, 100]
[0.921, 10, 10, 1000]
[0.921, 10, 100, 1000]
[0.921, 100, 1000, 0]
[0.923, 10, 10, 100]
[0.923, 10, 100, 100]
[0.923, 10, 1000, 100]
[0.923, 10, 1000, 1000]
[0.923, 10, 1000, 1000]
[0.924, 10, 1000, 0]
[0.924, 10, 1000, 100]
[0.925, 100, 100, 0]
[0.925, 100, 100, 100]
[0.926, 10, 10, 100]
[0.926, 10, 10, 1000]
[0.926, 10, 100, 0]
[0.926, 10, 1000, 100]
[0.927, 10, 10, 10]
[0.929, 10, 10, 10]
[0.929, 10, 10, 1000]
[0.93, 100, 10, 0]
[0.931, 10, 10, 0]
[0.931, 10, 10, 10]
[0.931, 100, 100, 0]
[0.931, 100, 100, 10]
[0.931, 100, 100, 1000]
[0.932, 10, 100, 10]
[0.932, 10, 100, 100]
[0.933, 10, 1000, 0]
[0.934, 10, 1000, 10]
[0.935, 10, 10, 1000]
[0.935, 10, 100, 0]
[0.935, 10, 1000, 0]
[0.935, 100, 100, 100]
[0.936, 10, 10, 0]
[0.936, 10, 10, 100]
[0.936, 10, 100, 100]
[0.937, 10, 100, 1000]
[0.937, 100, 1000, 0]
[0.94, 10, 100, 1000]
[0.94, 10, 1000, 10]
[0.94, 100, 100, 0]
[0.94, 100, 100, 10]
[0.94, 100, 100, 100]
[0.94, 100, 100, 1000]
[0.941, 10, 1000, 10]
[0.942, 100, 100, 1000]
[0.942, 100, 1000, 0]
[0.943, 10, 10, 100]
[0.943, 100, 100, 0]
[0.944, 100, 1000, 1000]
[0.945, 10, 1000, 100]
[0.945, 100, 1000, 100]
[0.946, 100, 1000, 0]
[0.948, 10, 1000, 0]
[0.948, 100, 10, 0]
[0.948, 100, 1000, 100]
[0.949, 10, 1000, 10]
[0.949, 1000, 100, 1000]
[0.95, 100, 10, 0]
[0.95, 100, 10, 100]
[0.951, 100, 10, 10]
[0.951, 100, 10, 100]
[0.951, 100, 1000, 1000]
[0.951, 1000, 100, 10]
[0.952, 100, 10, 0]
[0.952, 100, 1000, 1000]
[0.953, 100, 10, 100]
[0.953, 1000, 100, 100]
[0.955, 100, 10, 10]
[0.955, 100, 10, 1000]
[0.955, 1000, 10, 0]
[0.956, 100, 10, 1000]
[0.956, 1000, 1000, 0]
[0.957, 100, 10, 1000]
[0.957, 1000, 100, 100]
[0.958, 100, 10, 10]
[0.958, 100, 10, 1000]
[0.958, 100, 100, 10]
[0.959, 1000, 1000, 0]
[0.96, 100, 1000, 10]
[0.96, 1000, 100, 0]
[0.961, 100, 1000, 100]
[0.961, 100, 1000, 100]
[0.961, 1000, 10, 100]
[0.961, 1000, 10, 1000]
[0.962, 100, 1000, 10]
[0.962, 1000, 10, 0]
[0.962, 1000, 10, 10]
[0.962, 1000, 100, 100]
[0.962, 1000, 100, 100]
[0.962, 1000, 1000, 100]
[0.963, 100, 10, 100]
[0.964, 1000, 10, 10]
[0.964, 1000, 100, 0]
[0.964, 1000, 100, 0]
[0.964, 1000, 100, 10]
[0.964, 1000, 1000, 0]
[0.965, 1000, 10, 0]
[0.965, 1000, 100, 0]
[0.965, 1000, 1000, 0]
[0.965, 1000, 1000, 1000]
[0.966, 100, 100, 1000]
[0.966, 100, 1000, 10]
[0.966, 1000, 1000, 1000]
[0.967, 1000, 10, 100]
[0.967, 1000, 10, 1000]
[0.967, 1000, 100, 1000]
[0.968, 100, 100, 10]
[0.968, 1000, 1000, 10]
[0.969, 100, 10, 10]
[0.969, 100, 1000, 10]
[0.969, 1000, 10, 10]
[0.969, 1000, 1000, 1000]
[0.97, 1000, 100, 10]
[0.97, 1000, 1000, 100]
[0.972, 1000, 1000, 10]
[0.973, 1000, 1000, 1000]
[0.974, 1000, 1000, 100]
[0.975, 1000, 10, 0]
[0.975, 1000, 10, 100]
