[0.492, 100, 100, 1000, 10]
[0.492, 100, 1000, 10, 0]
[0.492, 100, 1000, 100, 10]
[0.492, 100, 1000, 1000, 10]
[0.508, 1000, 10, 100, 0]
[0.508, 1000, 10, 100, 1000]
[0.508, 1000, 10, 1000, 10]
[0.508, 1000, 10, 1000, 100]
[0.508, 1000, 10, 1000, 1000]
[0.508, 1000, 100, 100, 10]
[0.508, 1000, 1000, 10, 0]
[0.508, 1000, 1000, 10, 10]
[0.508, 1000, 1000, 1000, 10]
[0.788, 1000, 10, 1000, 0]
[0.863, 1000, 10, 0, 1000]
[0.887, 10, 10, 0, 10]
[0.899, 10, 10, 100, 1000]
[0.901, 10, 100, 0, 100]
[0.902, 10, 100, 100, 10]
[0.907, 10, 1000, 1000, 100]
[0.91, 10, 100, 0, 0]
[0.911, 10, 10, 1000, 100]
[0.911, 10, 100, 1000, 1000]
[0.913, 1000, 1000, 10, 1000]
[0.915, 10, 1000, 0, 100]
[0.916, 10, 10, 0, 0]
[0.916, 10, 10, 1000, 1000]
[0.916, 10, 1000, 1000, 0]
[0.918, 10, 1000, 100, 0]
[0.919, 10, 100, 0, 10]
[0.92, 100, 100, 0, 10]
[0.921, 10, 100, 1000, 0]
[0.921, 10, 1000, 1000, 10]
[0.922, 10, 10, 0, 1000]
[0.922, 10, 10, 10, 100]
[0.923, 10, 10, 100, 10]
[0.923, 10, 100, 0, 1000]
[0.923, 10, 100, 100, 100]
[0.923, 100, 100, 100, 0]
[0.923, 100, 100, 100, 1000]
[0.925, 10, 10, 0, 100]
[0.925, 10, 1000, 0, 1000]
[0.927, 10, 10, 100, 100]
[0.928, 10, 100, 100, 0]
[0.928, 10, 100, 1000, 10]
[0.929, 10, 100, 1000, 100]
[0.93, 10, 10, 10, 0]
[0.93, 10, 100, 10, 10]
[0.93, 100, 1000, 0, 1000]
[0.931, 10, 100, 10, 1000]
[0.933, 100, 1000, 0, 100]
[0.934, 10, 1000, 100, 10]
[0.934, 1000, 100, 10, 100]
[0.935, 10, 1000, 10, 0]
[0.935, 10, 1000, 10, 10]
[0.936, 100, 10, 0, 1000]
[0.936, 100, 1000, 0, 10]
[0.936, 1000, 100, 10, 1000]
[0.937, 10, 10, 10, 1000]
[0.937, 10, 10, 100, 0]
[0.937, 10, 1000, 100, 1000]
[0.938, 10, 10, 1000, 0]
[0.938, 10, 100, 10, 0]
[0.938, 100, 100, 0, 0]
[0.938, 100, 1000, 0, 0]
[0.939, 100, 1000, 1000, 0]
[0.94, 10, 10, 10, 10]
[0.94, 10, 1000, 0, 10]
[0.94, 10, 1000, 1000, 1000]
[0.94, 100, 100, 1000, 100]
[0.941, 10, 1000, 0, 0]
[0.941, 100, 10, 0, 0]
[0.942, 100, 100, 0, 1000]
[0.943, 100, 100, 100, 100]
[0.943, 100, 100, 1000, 1000]
[0.944, 100, 100, 0, 100]
[0.945, 10, 100, 100, 1000]
[0.945, 100, 10, 100, 1000]
[0.945, 100, 100, 1000, 0]
[0.946, 10, 1000, 100, 100]
[0.946, 100, 1000, 1000, 1000]
[0.947, 10, 10, 1000, 10]
[0.947, 100, 100, 10, 0]
[0.948, 100, 10, 0, 100]
[0.949, 100, 1000, 100, 1000]
[0.95, 10, 100, 10, 100]
[0.95, 100, 10, 10, 0]
[0.95, 1000, 10, 10, 0]
[0.95, 1000, 100, 0, 1000]
[0.951, 100, 100, 10, 100]
[0.951, 100, 1000, 100, 0]
[0.952, 100, 10, 0, 10]
[0.952, 100, 10, 100, 100]
[0.952, 100, 10, 1000, 100]
[0.952, 100, 1000, 100, 100]
[0.953, 10, 1000, 10, 1000]
[0.953, 100, 1000, 10, 10]
[0.953, 1000, 100, 0, 10]
[0.954, 100, 100, 100, 10]
[0.954, 100, 1000, 1000, 100]
[0.954, 1000, 100, 10, 0]
[0.955, 100, 10, 1000, 1000]
[0.955, 100, 100, 10, 10]
[0.955, 1000, 1000, 0, 10]
[0.956, 100, 10, 10, 10]
[0.956, 1000, 100, 0, 100]
[0.956, 1000, 1000, 0, 0]
[0.958, 1000, 100, 1000, 100]
[0.959, 10, 1000, 10, 100]
[0.959, 100, 10, 1000, 0]
[0.959, 1000, 100, 0, 0]
[0.96, 100, 10, 10, 100]
[0.96, 100, 1000, 10, 100]
[0.96, 1000, 10, 10, 1000]
[0.96, 1000, 100, 100, 1000]
[0.961, 1000, 1000, 0, 1000]
[0.962, 1000, 100, 100, 0]
[0.963, 100, 10, 100, 10]
[0.963, 1000, 10, 0, 100]
[0.963, 1000, 1000, 0, 100]
[0.964, 1000, 100, 1000, 0]
[0.965, 100, 10, 100, 0]
[0.965, 1000, 10, 10, 10]
[0.965, 1000, 100, 10, 10]
[0.965, 1000, 100, 1000, 1000]
[0.965, 1000, 1000, 1000, 1000]
[0.966, 100, 100, 10, 1000]
[0.966, 1000, 10, 100, 10]
[0.966, 1000, 1000, 1000, 100]
[0.967, 1000, 10, 0, 0]
[0.967, 1000, 10, 100, 100]
[0.967, 1000, 1000, 100, 0]
[0.968, 100, 10, 10, 1000]
[0.968, 100, 10, 1000, 10]
[0.968, 1000, 100, 100, 100]
[0.968, 1000, 100, 1000, 10]
[0.968, 1000, 1000, 100, 10]
[0.969, 100, 1000, 10, 1000]
[0.969, 1000, 10, 0, 10]
[0.969, 1000, 10, 10, 100]
[0.969, 1000, 1000, 100, 100]
[0.97, 1000, 1000, 1000, 0]
[0.972, 1000, 1000, 10, 100]
[0.976, 1000, 1000, 100, 1000]
