0.0007
0.0008
0.0188
0.0456
1.5874
1.3708
13.6915
10.8597
108.8105
86.6419
633.3813
776.0479
8272.8242
8295.5662
0.0004
0.0004
0.0009
0.0012
0.0095
0.0059
11.2865
10.8536
106.3951
86.4573
135.8352
276.5068
3140.3301
4624.9827
0.0014
0.0026
0.0055
0.0175
0.0416
0.0511
0.0574
0.0650
0.0582
0.0649
0.0322
0.0561
0.0611
0.0939
3.351708e-05
0.0001
9.530526e-06
1.014761e-05
7.023577e-06
4.381693e-06
0.0073
0.0247
0.0005
0.0247
0.0003
0.0102
0.0059
0.0181
0.0070
0.0042
0.0007
0.0004
0.0002
0.0001
2.529005e-05
1.849131e-05
2.901743e-06
2.319976e-06
5.503238e-07
2.727142e-07
4.250182e-08
2.442300e-08
0.0007
0.0008
0.0188
0.0456
1.5874
1.3708
13.6915
10.8597
108.8105
86.6419
633.3813
776.0479
8272.8242
8295.5662
0.0004
0.0004
0.0009
0.0012
0.0095
0.0059
11.2865
10.8536
106.3951
86.4573
135.8352
276.5068
3140.3301
4624.9827
0.0014
0.0026
0.0055
0.0175
0.0416
0.0511
0.0574
0.0650
0.0582
0.0649
0.0322
0.0561
0.0611
0.0939
3.351708e-05
0.0001
9.530526e-06
1.014761e-05
7.023577e-06
4.381693e-06
0.0073
0.0247
0.0005
0.0247
0.0003
0.0102
0.0059
0.0181
0.0070
0.0042
0.0007
0.0004
0.0002
0.0001
2.529005e-05
1.849131e-05
2.901743e-06
2.319976e-06
5.503238e-07
2.727142e-07
4.250182e-08
2.442300e-08
