4924.900000000001
[4889.0, 4968.0, 5034.0, 6676.8, 7552.6, 429.0]
9.26232637166977
[0.1, 1, 2, 0]
[0.0, 0.020132876988121603, 0.1392480604734434, 0.3125000000000028, 0.14054627419783033, 0.7042253521126761]
4925.716666666666
[4889.0, 4970.0, 5034.0, 6661.8, 7571.9, 427.6]
8.056848279635112
[0.01, 1, 2, 0]
[0.0, 0.06039863096436481, 0.1392480604734434, 0.08713942307692582, 0.39644656589763505, 0.3755868544600992]
4938.900000000001
[4916.8, 4968.0, 5036.0, 6672.7, 7610.7, 429.2]
9.958562719821929
[0.5, 1, 2, 0]
[0.5686234403763588, 0.020132876988121603, 0.17903322060871296, 0.25090144230768957, 0.9108989657915648, 0.7511737089201851]
4942.866666666668
[4934.6, 4970.0, 5036.3, 6656.7, 7630.7, 428.9]
10.284671783447266
[0.2, 1, 2, 0]
[0.9327060748619423, 0.06039863096436481, 0.18500099462900702, 0.01051682692307419, 1.1760806152214243, 0.6807511737089149]
4949.2666666666655
[4889.0, 4969.3, 5033.0, 6693.4, 7595.8, 515.1]
8.454055058956147
[0.0, 1, 2, 0]
[0.0, 0.046305617072683346, 0.11935548040580862, 0.561899038461533, 0.7133386369663244, 20.915492957746483]
