4921.5
[4889.0, 4971.0, 5035.0, 6656.1, 7549.7, 428.2]
24.80462385018667
[0.2, 1, 2, 0]
[0.0, 0.08053150795248641, 0.15914064054107818, 0.0015024038461593117, 0.10209493503049348, 0.5164319248826263]
4923.933333333333
[4896.6, 4970.0, 5032.3, 6660.7, 7555.5, 428.5]
9.951315796375274
[0.01, 1, 2, 0]
[0.1554510124769966, 0.06039863096436481, 0.10543067435846791, 0.07061298076922803, 0.17899761336515513, 0.5868544600938966]
4925.716666666666
[4889.0, 4970.0, 5031.0, 6660.1, 7576.7, 427.5]
17.89196179310481
[0.1, 1, 2, 0]
[0.0, 0.06039863096436481, 0.07957032027053909, 0.061598557692313156, 0.46009016176080375, 0.35211267605633806]
4926.033333333334
[4889.0, 4968.0, 5031.0, 6668.4, 7570.8, 429.0]
9.083539323012035
[0.0, 1, 2, 0]
[0.0, 0.020132876988121603, 0.07957032027053909, 0.18629807692307146, 0.381861575179, 0.7042253521126761]
4933.666666666667
[4889.0, 4970.0, 5035.0, 6656.1, 7623.2, 428.7]
26.546275333563486
[0.5, 1, 2, 0]
[0.0, 0.06039863096436481, 0.15914064054107818, 0.0015024038461593117, 1.076637496685227, 0.6338028169014058]