4928.75
[4896.6, 4968.0, 5035.0, 6656.2, 7588.6, 428.1]
12.704909733931222
[0.01, 1, 2, 0]
[0.1554510124769966, 0.020132876988121603, 0.15914064054107818, 0.0030048076923049594, 0.6178732431715773, 0.4929577464788786]
4929.533333333334
[4889.0, 4971.0, 5035.0, 6656.7, 7596.1, 429.4]
14.877903135617574
[0.0, 1, 2, 0]
[0.0, 0.08053150795248641, 0.15914064054107818, 0.01051682692307419, 0.7173163617077747, 0.7981220657276942]
4929.783333333333
[4889.0, 4970.0, 5034.0, 6673.7, 7583.4, 428.6]
16.94780871470769
[0.5, 1, 2, 0]
[0.0, 0.06039863096436481, 0.1392480604734434, 0.26592548076922806, 0.5489260143198043, 0.610328638497658]
4932.066666666667
[4889.0, 4969.0, 5036.0, 6656.3, 7612.8, 429.3]
12.57643217643102
[0.1, 1, 2, 0]
[0.0, 0.040265753976243206, 0.17903322060871296, 0.004507211538464272, 0.9387430389817049, 0.7746478873239464]
4934.766666666667
[4889.0, 4970.0, 5033.0, 6669.9, 7618.3, 428.4]
14.32351944843928
[0.2, 1, 2, 0]
[0.0, 0.06039863096436481, 0.11935548040580862, 0.20883413461537914, 1.0116679925749164, 0.5633802816901355]