4939.099999999999
[4889.0, 4969.0, 5031.0, 6665.4, 7651.6, 428.6]
10.118472798665364
[0.5, 1, 2, 0]
[0.0, 0.040265753976243206, 0.07957032027053909, 0.14122596153845607, 1.4531954388756345, 0.610328638497658]
4941.599999999999
[4889.0, 4971.0, 5033.0, 6674.6, 7653.4, 428.6]
12.095391488075258
[0.5, 0, 2, 0]
[0.0, 0.08053150795248641, 0.11935548040580862, 0.27944711538462086, 1.4770617873243124, 0.610328638497658]
5252.066666666667
[5139.8, 5358.4, 5437.8, 6656.4, 7986.4, 933.6]
100.94977534612019
[0.5, 0, 2, 2]
[5.129883411740646, 7.880008053150787, 8.171871891784368, 0.006009615384609919, 5.892336250331472, 119.15492957746478]
5312.9
[5041.2, 5365.2, 5052.2, 7461.2, 8492.4, 465.2]
53.41929601828257
[0.5, 1, 2, 1]
[3.113111065657595, 8.016911616670019, 0.5012930177043926, 12.097355769230766, 12.601431980906916, 9.201877934272298]
5320.333333333333
[5025.2, 5925.2, 5779.8, 6834.8, 7922.6, 434.4]
80.41016358534495
[0.5, 1, 2, 2]
[2.785845776232355, 19.291322730018116, 14.975134274915462, 2.6862980769230793, 5.046406788650231, 1.9718309859154877]
5389.7
[5014.0, 5277.0, 5196.4, 7503.8, 8844.8, 502.2]
75.83039906024932
[0.5, 0, 2, 1]
[2.55676007363469, 6.241191866317697, 3.369803063457323, 12.737379807692312, 17.273932643861034, 17.88732394366197]
6732.133333333332
[5206.6, 5575.0, 5723.0, 9223.8, 13596.8, 1067.6]
1.5857674519220986
[0.5, 1, 1, 0]
[6.4962159950910285, 12.240789208777935, 13.845235727073801, 38.57872596153845, 80.28109254839563, 150.61032863849763]
7261.833333333333
[5176.2, 5917.0, 5771.2, 9864.4, 16106.2, 736.0]
22.07530267238617
[0.5, 0, 1, 0]
[5.87441194518306, 19.126233138715524, 14.804058086333793, 48.203125, 113.55343410236011, 72.76995305164318]
8174.600000000001
[5277.8, 5700.4, 6453.6, 14295.6, 16550.4, 769.8]
3.3908027331034343
[0.5, 1, 0, 0]
[7.9525465330333445, 14.765451983088376, 28.378754724487777, 114.77764423076924, 119.44311853619732, 80.70422535211267]
8715.8
[5115.8, 6389.0, 6601.8, 13977.8, 19133.8, 1076.6]
29.352161343892416
[0.5, 0, 0, 0]
[4.638985477602786, 28.628951077108916, 31.32683509051124, 110.00300480769229, 153.69663219305224, 152.72300469483565]
11600.799999999997
[5475.0, 7761.8, 7782.4, 22237.0, 24956.6, 1392.0]
0.028771034876505536
[0.5, 1, 1, 1]
[11.986091225199427, 56.26736460640226, 54.81201511836085, 234.08954326923075, 230.9016176080615, 226.7605633802817]
11869.666666666666
[5778.6, 8122.4, 7906.6, 22383.2, 25623.2, 1404.0]
0.25691146850585933
[0.5, 1, 0, 2]
[18.19595009204337, 63.5272800483189, 57.2826735627611, 236.28605769230768, 239.74012198355874, 229.5774647887324]
11887.133333333333
[5655.4, 7978.0, 8210.6, 22349.0, 25703.6, 1426.2]
0.1959679921468099
[0.5, 0, 1, 1]
[15.676007363469004, 60.62009261123414, 63.330017903322066, 235.7722355769231, 240.80615221426675, 234.7887323943662]
11889.866666666667
[5475.4, 7985.4, 8355.4, 22991.2, 25147.0, 1384.8]
0.02585897445678711
[0.5, 1, 0, 1]
[11.994272857435051, 60.769075900946234, 66.21046349711557, 245.4206730769231, 233.4261469106338, 225.07042253521126]
11901.499999999998
[5459.2, 7943.4, 8408.6, 22108.2, 26084.4, 1405.2]
0.17393894990285239
[0.5, 1, 1, 2]
[11.662916751891999, 59.92349506744513, 67.26874875671375, 232.15444711538464, 245.85521081941133, 229.85915492957747]
11905.5
[5580.8, 7912.2, 8047.8, 22821.6, 25646.0, 1424.6]
0.17397382259368896
[0.5, 0, 0, 1]
[14.150132951523833, 59.29534930541575, 60.091505868311124, 242.87259615384613, 240.04242906390877, 234.41314553990605]
11916.633333333333
[5369.0, 7588.4, 8106.6, 23327.8, 25652.2, 1455.8]
0.44726053078969324
[0.5, 0, 0, 2]
[9.817958682757212, 52.77632373666196, 61.261189576288054, 250.4777644230769, 240.12463537523203, 241.73708920187792]
12216.766666666665
[5470.0, 8404.8, 8498.4, 23850.0, 25672.2, 1405.2]
0.3533043543497721
[0.5, 0, 1, 2]
[11.883820822254041, 69.21280450976444, 69.05510244678734, 258.32331730769226, 240.38981702466188, 229.85915492957747]
