4924.366666666668
[4889.0, 4970.0, 5034.0, 6667.9, 7556.9, 428.4]
8.61567832628886
[0.2687338352203369, 0.8471756219863892, 0.9632587194442749, 6.426946926116943, 21.675931024551392, 21.512023830413817]
[0.2, 1, 2, 0]
[0.0, 0.06039863096436481, 0.1392480604734434, 0.1787860576923022, 0.1975603288252405, 0.5633802816901355]
10257.3
[5258.3, 6822.7, 6850.4, 19374.3, 21966.9, 1271.2]
0.1688136577606201
[0.03242828845977783, 0.04920499324798584, 0.06117253303527832, 0.22519218921661377, 0.31750543117523194, 0.327378511428833]
[0.2, 1, 2, 0]
[7.553691961546333, 37.360579826857254, 36.272130495325236, 191.0802283653846, 191.260938743039, 198.4037558685446]
