32 Original
235.5186
269.1983
32 Otimizado
1263.1877
2337.3632
33 Original
297.8807
331.6247
33 Otimizado
1979.0395
3679.2192
64 Original
1566.0850
2951.7633
64 Otimizado
273.6208
2532.7585
65 Original
626.6585
911.9314
65 Otimizado
903.7615
8562.8963
128 Original
11172.4214
8435.6772
128 Otimizado
3781.3798
4038.5342
129 Original
1834.0641
1120.3533
129 Otimizado
12300.5123
11720.4857
256 Original
13428.3525
12263.5962
256 Otimizado
8090.6523
8657.8083
257 Original
3356.6256
2890.7681
257 Otimizado
11754.8842
11124.3889
512 Original
13154.6515
12562.5709
512 Otimizado
10346.5126
10690.9258
1000 Original
14514.8918
10344.6655
1000 Otimizado
10568.4210
10303.3839
2000 Original
14712.2544
12596.7736
2000 Otimizado
8764.3183
10380.6022
