32 Original
0.2112
0.2232
32 Otimizado
0.1879
0.2137
33 Original
0.2212
0.2262
33 Otimizado
0.1907
0.1882
64 Original
0.0234
0.0125
64 Otimizado
0.1674
0.0315
65 Original
0.0800
0.0523
65 Otimizado
0.1707
0.0248
128 Original
0.0042
0.0025
128 Otimizado
0.0149
0.0210
129 Original
0.0389
0.0375
129 Otimizado
0.0140
0.0562
256 Original
0.4194
0.4981
256 Otimizado
0.3678
0.3339
257 Original
0.3430
0.3754
257 Otimizado
0.3563
0.3340
512 Original
0.4939
0.4984
512 Otimizado
0.3635
0.3333
1000 Original
0.1516
0.2494
1000 Otimizado
0.3564
0.3193
2000 Original
0.2301
0.3098
2000 Otimizado
0.2957
0.2876
