32 Original
0.0014
0.0026
32 Otimizado
0.0070
0.0124
33 Original
0.0016
0.0034
33 Otimizado
0.0064
0.0117
64 Original
0.0055
0.0175
64 Otimizado
0.0033
0.0352
65 Original
0.0015
0.0042
65 Otimizado
0.0033
0.0375
128 Original
0.0416
0.0511
128 Otimizado
0.0313
0.0316
129 Original
0.0065
0.0069
129 Otimizado
0.0347
0.0335
256 Original
0.0574
0.0650
256 Otimizado
0.0741
0.0635
257 Original
0.0137
0.0108
257 Otimizado
0.0712
0.0633
512 Original
0.0582
0.0649
512 Otimizado
0.0655
0.0631
1000 Original
0.0322
0.0561
1000 Otimizado
0.0601
0.0662
2000 Original
0.0611
0.0939
2000 Otimizado
0.0703
0.0833
