32 Original
110.1036
107.5172
32 Otimizado
341.7024
590.1775
33 Original
216.6306
259.4176
33 Otimizado
900.2435
2174.6266
64 Original
63.3382
65.1229
64 Otimizado
98.9446
206.9014
65 Original
84.2045
81.0969
65 Otimizado
443.2638
786.4403
128 Original
65.3562
35.0504
128 Otimizado
128.9213
158.9772
129 Original
108.2036
70.2221
129 Otimizado
348.3850
403.7220
256 Original
11109.8538
12262.4697
256 Otimizado
10516.7959
7835.0349
257 Original
3730.4915
1560.1778
257 Otimizado
14797.8004
11016.0118
512 Original
12857.1319
12535.4293
512 Otimizado
13201.0600
10697.7022
1000 Original
3115.0773
4668.8213
1000 Otimizado
12816.8551
10361.8894
2000 Original
5573.0678
6970.7471
2000 Otimizado
9776.7908
10228.2108
