32 Original
0.0514
0.0395
32 Otimizado
0.0464
0.0292
33 Original
0.0150
0.0224
33 Otimizado
0.0086
0.0207
64 Original
0.0100
0.0222
64 Otimizado
0.0374
0.0214
65 Original
0.1544
0.1046
65 Otimizado
0.0057
0.0166
128 Original
0.0017
0.0043
128 Otimizado
0.0026
0.0066
129 Original
0.0016
0.0050
129 Otimizado
0.0134
0.0256
256 Original
3.500927e-07
4.619678e-07
256 Otimizado
3.091714e-06
3.377013e-05
257 Original
0.0058
0.0013
257 Otimizado
6.811186e-06
0.0001
512 Original
0.0002
0.0001
512 Otimizado
0.0027
0.0089
1000 Original
0.0046
0.1439
1000 Otimizado
0.0184
0.3131
2000 Original
0.0220
0.1762
2000 Otimizado
0.7369
0.4931
