32 Original
3.351708e-05
0.0001
32 Otimizado
0.0002
0.0003
33 Original
3.592978e-05
0.0001
33 Otimizado
0.0003
0.0004
64 Original
9.530526e-06
1.014761e-05
64 Otimizado
0.0001
0.0001
65 Original
3.925490e-05
3.350671e-05
65 Otimizado
0.0001
0.0001
128 Original
7.023577e-06
4.381693e-06
128 Otimizado
4.514442e-05
3.859053e-05
129 Original
1.154420e-05
1.321800e-05
129 Otimizado
3.072783e-05
1.073620e-05
256 Original
0.0073
0.0247
256 Otimizado
0.0024
0.0007
257 Original
0.0001
0.0018
257 Otimizado
0.0021
0.0007
512 Original
0.0005
0.0247
512 Otimizado
0.0009
0.0001
1000 Original
0.0003
0.0102
1000 Otimizado
0.0005
4.401761e-05
2000 Original
0.0059
0.0181
2000 Otimizado
0.0003
0.0001
