32 Original
0.0070
0.0042
32 Otimizado
0.0126
0.0175
33 Original
0.0139
0.0082
33 Otimizado
0.0481
0.0658
64 Original
0.0007
0.0004
64 Otimizado
0.0021
0.0027
65 Original
0.0021
0.0011
65 Otimizado
0.0063
0.0084
128 Original
0.0002
0.0001
128 Otimizado
0.0003
0.0004
129 Original
0.0003
0.0001
129 Otimizado
0.0003
0.0004
256 Original
2.529005e-05
1.849131e-05
256 Otimizado
0.0001
0.0001
257 Original
3.218576e-05
1.733436e-05
257 Otimizado
0.0001
0.0001
512 Original
2.901743e-06
2.319976e-06
512 Otimizado
1.278215e-05
1.579826e-05
1000 Original
5.503238e-07
2.727142e-07
1000 Otimizado
1.804740e-06
2.041067e-06
2000 Original
4.250182e-08
2.442300e-08
2000 Otimizado
1.888981e-07
2.484219e-07
