32 Original
0.0140
0.0084
32 Otimizado
0.0252
0.0350
33 Original
0.0278
0.0164
33 Otimizado
0.0961
0.1315
64 Original
0.0015
0.0008
64 Otimizado
0.0041
0.0055
65 Original
0.0043
0.0022
65 Otimizado
0.0126
0.0169
128 Original
0.0003
0.0002
128 Otimizado
0.0006
0.0008
129 Original
0.0006
0.0003
129 Otimizado
0.0006
0.0009
256 Original
0.0001
3.698263e-05
256 Otimizado
0.0001
0.0002
257 Original
0.0001
3.466873e-05
257 Otimizado
0.0002
0.0002
512 Original
5.803487e-06
4.639953e-06
512 Otimizado
2.556429e-05
3.159651e-05
1000 Original
1.100648e-06
5.454284e-07
1000 Otimizado
3.609481e-06
4.082134e-06
2000 Original
8.500364e-08
4.884599e-08
2000 Otimizado
3.777963e-07
4.968437e-07
