32 Original
4.77519087357954586
0.51127485795454541
32 Otimizado
3.64464222301136376
0.07874644886363637
33 Original
4.77519087357954586
0.23262162642045456
33 Otimizado
3.64464222301136376
0.02070756392045454
64 Original
6.42622514204545414
1.40136718750000000
64 Otimizado
7.23599520596590917
0.60875355113636365
65 Original
6.42622514204545414
1.33134321732954541
65 Otimizado
7.23599520596590917
0.20243696732954544
128 Original
69.25779030539773373
14.76962002840909172
128 Otimizado
29.41566051136363669
3.91452858664772707
129 Original
69.25779030539773373
14.05406605113636331
129 Otimizado
29.41566051136363669
1.36818625710227271
256 Original
442.76935369318181301
80.50042169744318699
256 Otimizado
98.41461736505681301
14.34095348011363669
257 Original
442.76935369318181301
79.12690873579545325
257 Otimizado
98.41461736505681301
11.24784712357954497
512 Original
3823.09137517755698354
626.97800514914774794
512 Otimizado
558.02749911221587809
92.50363991477273373
1000 Original
20125.34956498579413164
7851.75110973011396709
1000 Otimizado
4137.58937766335202468
707.50781250000000000
2000 Original
259851.46275745739694685
59867.77499112216173671
2000 Otimizado
38886.50736860795586836
5834.12273615056801646
