5130256387494155477069850258877965778869871948345707896408329725973702443685207995327593297390787676086294339520090018830231695
8002096618261080021075530657192035236058615471358766244179986994478321956628192902082512359723691795706296433455836787041655447
8758217726571503392039346258204724618555851060136688776442847716373831091205793159937529730224961074128955670961149145171334313
5895420022196341651805214367628014130925321840929675210650177570894151206847703386653971496813151340727841485633237218841410222
8365569597101058177550422815111665731753358820180070157873606158654377722539520453205625414788539274178115511257190785848092624
0823202318758941077008897836476268010495506092017589426462283582158934196031953127849316547911724993862781850690282430039893736
5702114936890930517756228214386491469096750350095823393292281341794745966265807261525446852711506502240976895632602363541042338
9731391376526384103753210164600796003039418490338639513723398352462131760571515939295443981064121171264678272221152928966249733
3232960012163608109854671054951492675379023341953174344613247684991446199167005939363037583139560322996504728422012278979328570
1808402583286136450778451609397363834660667464598813222289364874359749769368825758226854340390300081224376844402205094329842868
0214513145474113804563550228205638981001132922557701694976614838561766365744982639450281617564625729386780078396740426768285012
7094786439983984129961617302122196667294000345017877317451163446398573154126364289412082021691222724103091177563634232520765643
6857540919102904323897585143289681844613639640262690011820335948891481102143401236048663802181601918847801521961967543579311343
2271146422907826593995122486276079655402230819626295388923669874620879236175034988644592113817804584033743200799313526925360668
6409443758349931786956714948861543624440793292403820382693720983261251934083628210936834031000892164129034837596219029838920690
4064020996724751300647530715133010123155005203149386691195190632764619177633088335303301460400762997388599914874759655119713600
9265669546136075774806295039291282678413636283052222618440087959355802613848181644961294831474825412003322010734504661003824533
9981781216035329760882852156630340718812191729335567830833187890787725025771617785435643563088373147072019282214584089633547933
6442392164755601523116372929026607144040841976292869821032663813969926412798099871104676873872476180471276626358117711930270576
5159127229754294758270168047289784150317766380633861041161537841966417491329568312460156333994937731921488246065660765289728901
1071926089650973200486584651703056558478052262052436562164765766790550243424591618387331592951602220598893131612180139287918856
2597195424832334232207744873514067957534662258393447826108870102662439353774794049711769982290676840059367503854593440486097379
5262243641246240673225375627990829905806227239062272117603047019966079005645561353518328675596479183436631183856346297204293115
4221020655433101269010804806117253197657924610011249075667948415507332237926313991678426540059577641048299947611202266154846808
2515738748672959529110984714543577626380330845012432776824232647339240822487679545251008472657808939242495888846760114743487399
7844111361447994464843885023491367745464023714886268574801622723245018487379762545300688011712725872607811284584712633725283942
6223632565219188393069470829162064092248368999870910179150827312619566242704099445379481982692408562783848390370195128372464269
1585603569317050298737917556568638466351985787996469069809878436207751021218510683380384030285721142826691392037026771912899135
2338569193305947857576561947584638605004200839789249685230923438471578847498261610829564362656500686780280966191753283782531764
3526845812805671244563340328267675056748261841803097418490271271592501720463876754445541419766980014495586117734209017245446956
5605010793919716881373566427902888542722910252754054044241765685912485855995698383089781206907131330559215726487348998575451907
1319711557992364762191138697580901555350782142147766274631014355633677475131382044605836923480048363091721595773973386711362626
9896536361529229061067257277465111357037007667908288576865770437984637729144602578226286004455930035161628909945792774825632308
5449518015972718842489268612021224024430626173389385257104064195259995944348327874317143097474097390703664272568753813007778443
7599388909216190111214200508607002237190857735800653768514022428187767505299537367659876114432960991393724481125021143448765132
5087099901251523047553476900528640299603750367101628535780532878116006853527705809685627581346181402588133509310720297910953463
7781446668035196795518757597473683392689896527696575722731464585907405688628727118815904259689658619897986723782625017767486867
3402340352727251470855934347136350804412581742149325472190903236124110143530388825733259361107278523411614391368762013221413495
7704453683935765581336188707958568882414655940435484993396894979452527670109631670785032350096173990155940496499768672411057838
4955955509891396441770640217114675715018194084975149029935624289670922128193161609831623796771996725951701288372893058373212608
4599455359655847261315278523909394515962819065352082324310863295879706224582946112652767896397132327108203440874078889428659764
3628255678361883453172505908070946075811782507361717079703172373345281840747893298725178615339673992754970633124859730060386231
9257155797889327553874683214984673886970561160200231380310069155987415088344835307661070189393994399234214176557946691465447662
6891419225312399094752606450324259431750897370779121300738171301233559046611305017043607770511911864646524483183807219279358029
6788363731432473038576143835076440112114346098671856801670940495422302931382480961933117998458097957211957056278701048985001064
5806414896496429492132461152953061908523950533128908775986447154351111858906758836910230416373028172149943786043219981942897333
9409815428720343888112322827292037661917713697157622605199366980718563862537052024219421618950477332419192512754766114387405683
9714293467645916621967693164542443227190952327067083059414947593875494119263434731751111821074136428882827481075387502417172077
51623254057454514801443900892089759817822086243
1000000
