most used: True
rate 1.0

Average Score 0.8165656565656566
Score sd 0.01850519347919318
All Scores[0.8303030303030303, 0.8181818181818182, 0.793939393939394, 0.8, 0.796969696969697, 0.8393939393939394, 0.8212121212121212, 0.796969696969697, 0.8333333333333334, 0.8333333333333334, 0.8181818181818182, 0.8212121212121212, 0.8303030303030303, 0.8484848484848485, 0.7818181818181819, 0.8303030303030303, 0.8424242424242424, 0.8212121212121212, 0.7848484848484848, 0.803030303030303, 0.793939393939394, 0.8303030303030303, 0.8151515151515152, 0.8121212121212121, 0.8303030303030303, 0.806060606060606, 0.8090909090909091, 0.8181818181818182, 0.8454545454545455, 0.7909090909090909]

Average Loss 0.004723590246031185
Loss sd 8.42303462319374e-05
All losses[0.004862367161946814, 0.004643516183896351, 0.004678686353435404, 0.004681732961922968, 0.004629235484405508, 0.004832703232543918, 0.00477510227330459, 0.0046520868511378995, 0.004815485789144566, 0.0048238824894884435, 0.004838729131182531, 0.004846266398870104, 0.004712878521137152, 0.0046952098854546745, 0.004783468656447415, 0.004741339852774867, 0.0047808351355268985, 0.004664514814053841, 0.004624945631046863, 0.004780123649536856, 0.004683965027010027, 0.004795024332845297, 0.004559195028820467, 0.004693173527775643, 0.0046399338203733, 0.004635027480959451, 0.004617411537805946, 0.004643938430494467, 0.004809777556205907, 0.004767150181387366]

Average F1Score 0.8164492531672293
F1Score sd 0.01850519347919318
All F1 Scores[0.8303404345798086, 0.8182085355223742, 0.793916680027791, 0.7994698280622953, 0.797064787890476, 0.8393865636850713, 0.8213615888051584, 0.7965084808965578, 0.8333195580902003, 0.8330802852541982, 0.8174444909928782, 0.8208324523422107, 0.8303030303030303, 0.848440221217365, 0.7817380386290173, 0.8302593197206091, 0.8418114478114479, 0.8213452029182738, 0.7850086340202954, 0.8030031160465945, 0.7938031355025587, 0.8302467647295233, 0.8151498177210075, 0.8118162140889413, 0.8303217358772914, 0.8056104814725503, 0.8091102142876841, 0.8183421516754851, 0.8454502876521226, 0.790784095194061]


most used: True
rate 0.9

Average Score 0.814949494949495
Score sd 0.01837124129669804
All Scores[0.8363636363636363, 0.8333333333333334, 0.8121212121212121, 0.8242424242424242, 0.793939393939394, 0.8090909090909091, 0.8090909090909091, 0.806060606060606, 0.8181818181818182, 0.8424242424242424, 0.8090909090909091, 0.8212121212121212, 0.8121212121212121, 0.8333333333333334, 0.806060606060606, 0.7909090909090909, 0.8151515151515152, 0.8424242424242424, 0.793939393939394, 0.7727272727272727, 0.8424242424242424, 0.8424242424242424, 0.793939393939394, 0.8363636363636363, 0.8212121212121212, 0.7909090909090909, 0.8121212121212121, 0.8, 0.8242424242424242, 0.803030303030303]

Average Loss 0.004608792709786849
Loss sd 6.481365982482492e-05
All losses[0.00461454914047033, 0.0046289992877186145, 0.0044963973820851535, 0.0046997068972254915, 0.004508777446677255, 0.004506848103265183, 0.004617737360749749, 0.004638919888920069, 0.004700790255503235, 0.004582227479926036, 0.004681562588411766, 0.004616770953880799, 0.004594269449517536, 0.004692669922153834, 0.004605217156887192, 0.0045734454942648215, 0.0046161892444909, 0.004685092230563657, 0.004537221761674762, 0.00454883985077608, 0.004678692308970664, 0.004679364622730838, 0.004646621363163481, 0.004684611829932624, 0.0046291075316387854, 0.004564827667591556, 0.004544558896732089, 0.004647385116912396, 0.004497575783072419, 0.004544804277698155]

Average F1Score 0.8148984083493482
F1Score sd 0.01837124129669804
All F1 Scores[0.8359838437424644, 0.8334328358208957, 0.8121765499328919, 0.8242424242424242, 0.7939999465712071, 0.808832160288471, 0.8093032662554352, 0.8059109614665171, 0.8185564803168571, 0.84259851975981, 0.8092580044542012, 0.8209406696363218, 0.8119762439206883, 0.8335125299809776, 0.8067040916073175, 0.7906151081570816, 0.8149902237066416, 0.84240687806659, 0.7938636363636364, 0.7718031698614223, 0.8425169033864687, 0.8424242424242424, 0.7939999532446539, 0.8360685899322934, 0.8212367532964547, 0.7909763220950075, 0.811588879671011, 0.8000367647058824, 0.8240293143070919, 0.8029669832654908]


most used: True
rate 0.8

Average Score 0.805050505050505
Score sd 0.023477122581730597
All Scores[0.8212121212121212, 0.793939393939394, 0.7696969696969697, 0.7878787878787878, 0.7757575757575758, 0.8242424242424242, 0.8212121212121212, 0.8181818181818182, 0.7757575757575758, 0.793939393939394, 0.8181818181818182, 0.8242424242424242, 0.803030303030303, 0.8181818181818182, 0.7848484848484848, 0.8151515151515152, 0.8333333333333334, 0.8, 0.7878787878787878, 0.8424242424242424, 0.7515151515151515, 0.7787878787878788, 0.796969696969697, 0.8151515151515152, 0.8484848484848485, 0.8363636363636363, 0.8151515151515152, 0.7787878787878788, 0.8, 0.8212121212121212]

Average Loss 0.004602145928931057
Loss sd 8.973841206418087e-05
All losses[0.00452122409101588, 0.004484047119417014, 0.004656404926008374, 0.004533089870578275, 0.004661192790098585, 0.004659066663789506, 0.0044265828378602465, 0.0047326327238248625, 0.0045182974640592755, 0.004663624598379666, 0.0046975942693660904, 0.004451949791885434, 0.004488903839441651, 0.004728805335060603, 0.004605362267957083, 0.004526460708612867, 0.0046612439823258195, 0.004606694244024021, 0.004665354769754192, 0.004676413830393128, 0.004677302118724672, 0.004681368825694316, 0.00449365195702247, 0.004559537301914577, 0.004704027514049205, 0.004479720510072939, 0.00464662740835909, 0.004670125275655081, 0.004632371550608025, 0.004554699281978767]

Average F1Score 0.8049736252333987
F1Score sd 0.023477122581730597
All F1 Scores[0.8212367496771167, 0.7938788346341339, 0.7692817191639684, 0.7878787878787881, 0.7758069973908941, 0.824061337543822, 0.8214342179559572, 0.8181417465872359, 0.7754111789861542, 0.7940150847291605, 0.8182219413599752, 0.8243069911487678, 0.8030429641922862, 0.8176392572944295, 0.7847793049325419, 0.8153571308187547, 0.8333103289625028, 0.799823276020765, 0.787448347107438, 0.8423199221610345, 0.7512409764644125, 0.7783181189996843, 0.7969342735428742, 0.8151532125820227, 0.8484458211791152, 0.8362733957219252, 0.8151260518232996, 0.7786964478307761, 0.8002058142526369, 0.8214185260594866]


most used: True
rate 0.7

Average Score 0.8112121212121212
Score sd 0.017089256387924363
All Scores[0.8121212121212121, 0.793939393939394, 0.8121212121212121, 0.8151515151515152, 0.7787878787878788, 0.7878787878787878, 0.8333333333333334, 0.8151515151515152, 0.806060606060606, 0.8242424242424242, 0.8212121212121212, 0.7909090909090909, 0.803030303030303, 0.8242424242424242, 0.8151515151515152, 0.7818181818181819, 0.8181818181818182, 0.806060606060606, 0.8393939393939394, 0.8424242424242424, 0.8090909090909091, 0.803030303030303, 0.8212121212121212, 0.7787878787878788, 0.803030303030303, 0.8303030303030303, 0.8333333333333334, 0.8090909090909091, 0.8242424242424242, 0.803030303030303]

Average Loss 0.004603667896033885
Loss sd 6.400412530670373e-05
All losses[0.004514107786811238, 0.00460480009162365, 0.004690183253557524, 0.0045395476830810255, 0.0045293452518737525, 0.004651365726384416, 0.004647298699910416, 0.004685519077485066, 0.004574424073665361, 0.004553637066571937, 0.004704744378334837, 0.004696968821206219, 0.004550834281429646, 0.004570388093460666, 0.004699384832321956, 0.0044746448232282805, 0.004648806563423473, 0.004565401196701344, 0.00452092790088253, 0.004633191701113594, 0.00459173297767051, 0.004630305527445654, 0.004636241798208859, 0.00459312947609221, 0.0046056984802135435, 0.004604715587768254, 0.0046359523017096655, 0.004673271033368618, 0.004586365426425167, 0.004497102969047134]

Average F1Score 0.81121096449555
F1Score sd 0.017089256387924363
All F1 Scores[0.8121074096830783, 0.7936740082604081, 0.8117056277056277, 0.8156615196450576, 0.7789163730911303, 0.787832032532815, 0.8333471176908445, 0.8148642061601566, 0.8060891014167534, 0.8246311967602291, 0.8213617537637365, 0.790891809240433, 0.8029271974226102, 0.824339292394848, 0.8154261329557304, 0.7812868949232586, 0.8182085325782064, 0.806060606060606, 0.8393009849716725, 0.842464830822205, 0.8092226613965744, 0.8031225554161334, 0.8211480872031331, 0.778676129840309, 0.803079174843297, 0.8303404414515526, 0.8334022196708764, 0.8089804160984031, 0.8241778644511528, 0.8030827564156611]


most used: False
rate 0.3

Average Score 0.6539393939393939
Score sd 0.019789590130199628
All Scores[0.6303030303030303, 0.6787878787878788, 0.6545454545454545, 0.6666666666666666, 0.6454545454545455, 0.6090909090909091, 0.6666666666666666, 0.6545454545454545, 0.6606060606060606, 0.6212121212121212, 0.6666666666666666, 0.7, 0.6424242424242425, 0.6727272727272727, 0.6333333333333333, 0.6484848484848484, 0.6636363636363637, 0.6303030303030303, 0.6666666666666666, 0.6303030303030303, 0.6727272727272727, 0.6333333333333333, 0.6636363636363637, 0.6575757575757576, 0.6666666666666666, 0.6757575757575758, 0.6333333333333333, 0.6575757575757576, 0.6515151515151515, 0.6636363636363637]

Average Loss 0.2411599350025426
Loss sd 0.015361707080360089
All losses[0.23105699474105112, 0.2434424920365448, 0.23369065290594768, 0.24844866244039773, 0.2450244057520535, 0.23327747968169563, 0.22225734798521568, 0.24438741693831748, 0.23935267853533948, 0.21549607418065497, 0.24762394033607274, 0.22139336755754466, 0.22529923401666993, 0.24205099287223514, 0.2523076489112568, 0.2413667655299378, 0.24160020196457574, 0.22386049139496159, 0.23411807405775065, 0.2488980970703685, 0.23597833699736318, 0.22488267343765897, 0.24801301175121085, 0.2461710531336985, 0.26803498007868887, 0.2926063078967543, 0.22956227085231565, 0.2468863965181629, 0.247530791231307, 0.26017920927052646]

Average F1Score 0.6537061607556442
F1Score sd 0.019789590130199628
All F1 Scores[0.6302894504848663, 0.6788232857677303, 0.6542785077742392, 0.6656363457953095, 0.6453405698778832, 0.6090369533847795, 0.6666666666666666, 0.653010101010101, 0.6600068878122503, 0.6211390706803552, 0.6662373663036013, 0.6995337116369758, 0.6425819036930148, 0.6724264705882353, 0.6326943822089452, 0.6475802139037433, 0.6631077961819837, 0.6306834748306319, 0.6664952303980995, 0.6306291256124031, 0.6727272727272727, 0.632149678257964, 0.6638374436996726, 0.6575285808718645, 0.6666299343716329, 0.6770630414371374, 0.6322684147926867, 0.6574342274640783, 0.652186185275674, 0.6631625291595277]


most used: False
rate 0.2

Average Score 0.694949494949495
Score sd 0.01735006852514957
All Scores[0.6606060606060606, 0.6909090909090909, 0.7333333333333333, 0.7212121212121212, 0.6909090909090909, 0.7, 0.703030303030303, 0.6878787878787879, 0.693939393939394, 0.6727272727272727, 0.7090909090909091, 0.693939393939394, 0.6848484848484848, 0.6818181818181818, 0.6818181818181818, 0.7, 0.6696969696969697, 0.6666666666666666, 0.7151515151515152, 0.6878787878787879, 0.6696969696969697, 0.7212121212121212, 0.7, 0.7, 0.703030303030303, 0.6909090909090909, 0.703030303030303, 0.7090909090909091, 0.6909090909090909, 0.7151515151515152]

Average Loss 0.14157397963543536
Loss sd 0.017762284694050882
All losses[0.14444224644912157, 0.14271334334206068, 0.14235881316973728, 0.14435162456008793, 0.14774536736452454, 0.15179369045132154, 0.1465246747735893, 0.15207622010525282, 0.13261559409627569, 0.13464030005005867, 0.1400656192528317, 0.11526243385119041, 0.13375104624435544, 0.1319636211706873, 0.1252564655875501, 0.1465808883260623, 0.12683211457237478, 0.13317278087479004, 0.16517280473428578, 0.14117884692211552, 0.10524507084530237, 0.20322300157224804, 0.12795517889196006, 0.1271446254899999, 0.16754714211738841, 0.14219932669596036, 0.15399138585131567, 0.13141333693281684, 0.13334895404661407, 0.1566528707211814]

Average F1Score 0.6948715194758577
F1Score sd 0.01735006852514957
All F1 Scores[0.6609557452654302, 0.6906819935143654, 0.7326960784313724, 0.7212018806935057, 0.6911817279710257, 0.7004226091279888, 0.7031393868155549, 0.68787018878762, 0.6934747056486188, 0.6723665223665224, 0.709251242584576, 0.6938128284749738, 0.6848484848484848, 0.6817918662265697, 0.6816165623505073, 0.6997269693598949, 0.6698154438964328, 0.6666666666666666, 0.7155183718254075, 0.6880651289009497, 0.6692062591943556, 0.7215708556149732, 0.7000748814377236, 0.6996278223472003, 0.7017460978800423, 0.6906016397395709, 0.703226906603272, 0.7092838196286473, 0.6910226396064535, 0.7146802584670231]


most used: False
rate 0.1

Average Score 0.705050505050505
Score sd 0.02336897403316769
All Scores[0.696969696969697, 0.703030303030303, 0.7424242424242424, 0.7090909090909091, 0.703030303030303, 0.7424242424242424, 0.7090909090909091, 0.7181818181818181, 0.6848484848484848, 0.6484848484848484, 0.7, 0.6848484848484848, 0.7303030303030303, 0.7575757575757576, 0.696969696969697, 0.706060606060606, 0.6909090909090909, 0.6878787878787879, 0.6878787878787879, 0.6878787878787879, 0.7, 0.6787878787878788, 0.7333333333333333, 0.7363636363636363, 0.7242424242424242, 0.6878787878787879, 0.6909090909090909, 0.6909090909090909, 0.7272727272727273, 0.693939393939394]

Average Loss 0.04847627492174693
Loss sd 0.005477297139516834
All losses[0.04703335464762463, 0.037948366191950494, 0.0464716447270201, 0.05220746285172739, 0.05351057753489412, 0.035306259096615646, 0.04573047189089297, 0.055283491031384434, 0.04186976848582691, 0.04967810123457748, 0.048371634503222176, 0.04616064504396652, 0.05050423566003461, 0.044988493493843415, 0.0390963383228296, 0.04339989924196075, 0.053960499400142886, 0.04528633997613146, 0.05613839545726042, 0.056518554614792105, 0.053794762927638934, 0.05399975224987778, 0.05472447711373047, 0.05291801069942625, 0.04968349428718864, 0.051282267515459244, 0.048285480342465124, 0.04682362042382877, 0.04491379382993207, 0.04839805485616254]

Average F1Score 0.7049264468497841
F1Score sd 0.02336897403316769
All F1 Scores[0.6970142258706234, 0.7028876135691629, 0.742530757914101, 0.7081885656162824, 0.7034676502516422, 0.742440799328374, 0.7091978609625669, 0.7177649848291368, 0.6848716373253546, 0.6484072770070783, 0.7008856272961992, 0.6845456337472896, 0.7303699470931297, 0.7578432454301373, 0.6969251729757167, 0.7064257481648786, 0.6910454094400583, 0.6874391036345167, 0.688416179732897, 0.6878185942406126, 0.6999807075727371, 0.6786462768829324, 0.7325478934256224, 0.7363418464335896, 0.7238090941672117, 0.6868406747804937, 0.6905680438947568, 0.6892655367231639, 0.7270721925133689, 0.6942351046698874]


