most used: True
rate 1.0

Average Score 0.8152525252525252
Score sd 0.018137936131320156
All Scores[0.7909090909090909, 0.8212121212121212, 0.7757575757575758, 0.8454545454545455, 0.8272727272727273, 0.8242424242424242, 0.8393939393939394, 0.793939393939394, 0.8121212121212121, 0.8333333333333334, 0.8424242424242424, 0.8121212121212121, 0.8393939393939394, 0.8272727272727273, 0.8303030303030303, 0.806060606060606, 0.8303030303030303, 0.8272727272727273, 0.806060606060606, 0.8212121212121212, 0.796969696969697, 0.803030303030303, 0.8121212121212121, 0.803030303030303, 0.8, 0.793939393939394, 0.793939393939394, 0.796969696969697, 0.8363636363636363, 0.8151515151515152]

Average Loss 0.004748760241430893
Loss sd 6.14609656858212e-05
All losses[0.004763854452538178, 0.004767235196455636, 0.004760458300571444, 0.004669021992766316, 0.004722666649454296, 0.004739193412140368, 0.004761582116685428, 0.004676610298844307, 0.004802003003664468, 0.004736677677805528, 0.004746183004380857, 0.004682314743727862, 0.004788864349903031, 0.004787147491924807, 0.00473864918057856, 0.00477069478653671, 0.004707698584655539, 0.004830307781209456, 0.0047558180327808485, 0.004833909243166444, 0.004793534724198729, 0.004741318791323396, 0.004596962988222279, 0.004813404916190954, 0.0045881928786564346, 0.004811839039512999, 0.0047797472928163345, 0.004691879721072684, 0.0047849428624275395, 0.004820093728715362]

Average F1Score 0.8152055329927538
F1Score sd 0.018137936131320156
All F1 Scores[0.790884091766085, 0.8211907781104928, 0.7757822865742349, 0.8455042380702228, 0.8271949729446674, 0.8242101443467885, 0.8392478252043218, 0.7939393939393937, 0.8121212121212121, 0.8333562954458478, 0.8425805675805675, 0.812052192324776, 0.8392803284333908, 0.8272965681661335, 0.8303030303030303, 0.8062743840521619, 0.8303092636621875, 0.8269629552833054, 0.8060463583825322, 0.8212039105173434, 0.796956640478519, 0.8023062231227038, 0.8118309877992101, 0.8030791425286838, 0.7997939358257286, 0.7941443613857407, 0.7941362116814892, 0.7967552447552446, 0.8365140374331552, 0.8149084075434426]


most used: True
rate 0.9

Average Score 0.8115151515151515
Score sd 0.02090992380937677
All Scores[0.8, 0.8121212121212121, 0.8303030303030303, 0.8212121212121212, 0.7818181818181819, 0.8121212121212121, 0.803030303030303, 0.8393939393939394, 0.793939393939394, 0.8363636363636363, 0.796969696969697, 0.803030303030303, 0.8121212121212121, 0.8333333333333334, 0.8242424242424242, 0.8393939393939394, 0.8454545454545455, 0.8151515151515152, 0.793939393939394, 0.7515151515151515, 0.8, 0.806060606060606, 0.8121212121212121, 0.8212121212121212, 0.7787878787878788, 0.803030303030303, 0.8212121212121212, 0.793939393939394, 0.8363636363636363, 0.8272727272727273]

Average Loss 0.004640474679037707
Loss sd 0.00012047166668604864
All losses[0.004672958046272925, 0.004658681501796348, 0.004678704667347166, 0.0045659043809122574, 0.00444855674245047, 0.004567408474080712, 0.004770752461606908, 0.004778659793177312, 0.004562137403386761, 0.004621301631383433, 0.004729132703754954, 0.004692484458982282, 0.004565334919871902, 0.004662246942687057, 0.004575768982836731, 0.004709132125920951, 0.00462944079504232, 0.004560951181991719, 0.004586989538998736, 0.004779269723293797, 0.004622213332078787, 0.004721050238303457, 0.0046808847296754925, 0.004557072966832972, 0.004637784137904676, 0.00465258358748132, 0.004786640035971186, 0.0047942824115396855, 0.004753015531134001, 0.004192896924414876]

Average F1Score 0.8114924464446392
F1Score sd 0.02090992380937677
All F1 Scores[0.7998530546269425, 0.8119002513651342, 0.8301532371045777, 0.8208483263735495, 0.781754031921256, 0.812135014559346, 0.8030176418683199, 0.8392477714754994, 0.7940302228871138, 0.8363636363636363, 0.7969977204759813, 0.8028584350972412, 0.812190285204991, 0.8336503735560885, 0.8242424242424242, 0.8390871649381769, 0.8454077096278931, 0.8151328434159314, 0.7936665563279267, 0.7513506464847081, 0.8003246753246754, 0.8060178630263849, 0.8121212121212122, 0.8216318844873964, 0.7788305559754606, 0.8031442618598581, 0.8211874891277875, 0.793939393939394, 0.8363636363636363, 0.8273250731966327]


most used: True
rate 0.8

Average Score 0.8055555555555556
Score sd 0.01878287817857319
All Scores[0.8484848484848485, 0.8090909090909091, 0.8242424242424242, 0.8303030303030303, 0.7909090909090909, 0.8151515151515152, 0.796969696969697, 0.8181818181818182, 0.7848484848484848, 0.793939393939394, 0.7909090909090909, 0.8212121212121212, 0.7878787878787878, 0.8, 0.8181818181818182, 0.7878787878787878, 0.7848484848484848, 0.8242424242424242, 0.7666666666666667, 0.8151515151515152, 0.806060606060606, 0.8, 0.793939393939394, 0.803030303030303, 0.8393939393939394, 0.806060606060606, 0.8212121212121212, 0.7909090909090909, 0.8181818181818182, 0.7787878787878788]

Average Loss 0.004616637253984497
Loss sd 7.872939445400704e-05
All losses[0.004717826399418502, 0.004535694835303907, 0.004732889540408463, 0.004613101676722807, 0.00465936299587822, 0.00475285015507964, 0.00465004705961515, 0.004689283232503395, 0.004555058053934201, 0.004582686809010395, 0.0045669888262833995, 0.00452959861790629, 0.004702217966100386, 0.004620791636281336, 0.0045519483475741475, 0.004546622315800694, 0.004525556563495301, 0.004731418637624444, 0.004462394816327256, 0.004539479350223278, 0.004649266448265898, 0.004580566749922448, 0.004701514601919713, 0.004606273930768364, 0.004661881975738005, 0.004710128649729945, 0.004594871287097564, 0.004540998189350808, 0.00451535578066997, 0.004672442170580982]

Average F1Score 0.8053963454417303
F1Score sd 0.01878287817857319
All F1 Scores[0.8481724576124636, 0.8091699604743083, 0.8241971525677737, 0.8303030303030303, 0.7904341071919775, 0.8150241798002993, 0.7962227871612985, 0.8181416950036612, 0.7853289323639171, 0.7931867375049194, 0.7908418597231748, 0.8211281685570663, 0.7876293160574098, 0.7999779606229798, 0.818342310894446, 0.7877073516102208, 0.7847793049325419, 0.8239709240702289, 0.7666988089006438, 0.8152075921516715, 0.806060606060606, 0.7998969679128642, 0.7930370826308417, 0.803079174843297, 0.8394337623695421, 0.8062036028487641, 0.821062653619084, 0.7903527267035567, 0.8181150248304284, 0.7781841239288927]


most used: True
rate 0.7

Average Score 0.8165656565656566
Score sd 0.019553505884391684
All Scores[0.8242424242424242, 0.8303030303030303, 0.7818181818181819, 0.793939393939394, 0.8242424242424242, 0.8242424242424242, 0.8, 0.8242424242424242, 0.8333333333333334, 0.8121212121212121, 0.8090909090909091, 0.8121212121212121, 0.8121212121212121, 0.8151515151515152, 0.8151515151515152, 0.8090909090909091, 0.8242424242424242, 0.8454545454545455, 0.8454545454545455, 0.8151515151515152, 0.8, 0.8242424242424242, 0.8121212121212121, 0.7787878787878788, 0.8, 0.8363636363636363, 0.8333333333333334, 0.8, 0.8696969696969697, 0.7909090909090909]

Average Loss 0.004619304775708625
Loss sd 7.639885969461035e-05
All losses[0.004529187438431376, 0.004663802654269034, 0.004450747996347287, 0.004535959272459968, 0.004795718677112015, 0.004695363056325126, 0.004616348276417307, 0.004561464766998498, 0.004579467130849034, 0.004582338264273153, 0.004595337090340098, 0.004702046257042992, 0.004456466784892379, 0.0045941763518206336, 0.004652421940157155, 0.004620254407561149, 0.004752591847544434, 0.0046819777949027854, 0.004652250060464887, 0.004556989367658093, 0.00460398608644631, 0.004649211141022527, 0.004639707652617099, 0.004577183045320394, 0.0047125489442514734, 0.004581394916093245, 0.004599747927330537, 0.004625489448239198, 0.004684670635022939, 0.0046302940390476255]

Average F1Score 0.8165117761224396
F1Score sd 0.019553505884391684
All F1 Scores[0.8242101158645277, 0.8301034528459278, 0.7821394981440635, 0.793916680027791, 0.8238547237076649, 0.8244363529368495, 0.8, 0.8243005451338785, 0.8332338308457712, 0.8122040358769355, 0.808408299385778, 0.8124599691349765, 0.8121626194356139, 0.8151056508347055, 0.8151192639718705, 0.8089944682183488, 0.8242617921798058, 0.845575494194879, 0.8454474496384892, 0.8151498177210075, 0.7993364055299539, 0.8242424242424242, 0.8120936072449443, 0.7789892044113905, 0.7999484839564321, 0.8365259740259741, 0.8333318028632034, 0.7998456790123457, 0.8696215316676816, 0.7903341106199536]


most used: False
rate 0.3

Average Score 0.6553535353535354
Score sd 0.021083853618358215
All Scores[0.6333333333333333, 0.6393939393939394, 0.6303030303030303, 0.6545454545454545, 0.6242424242424243, 0.6363636363636364, 0.6181818181818182, 0.6757575757575758, 0.6424242424242425, 0.6303030303030303, 0.6545454545454545, 0.6727272727272727, 0.6909090909090909, 0.6636363636363637, 0.6787878787878788, 0.6848484848484848, 0.6727272727272727, 0.6545454545454545, 0.6575757575757576, 0.6545454545454545, 0.6666666666666666, 0.6818181818181818, 0.6727272727272727, 0.6848484848484848, 0.6696969696969697, 0.6272727272727273, 0.6606060606060606, 0.6363636363636364, 0.6636363636363637, 0.6272727272727273]

Average Loss 0.24844375782665826
Loss sd 0.022231574676326048
All losses[0.22106250164345154, 0.2283045421826742, 0.2534905376860865, 0.2206450853926421, 0.24150928635246538, 0.224285221469088, 0.21577123824026784, 0.25844018839347366, 0.2344571577506768, 0.2842851035013579, 0.2398562846317524, 0.26597454998372516, 0.26634077809131373, 0.25141169007036507, 0.2834453614303293, 0.2631970972015019, 0.23969701250554712, 0.2527336078059305, 0.26024627513477544, 0.25632695477352013, 0.218225754573785, 0.28605455382898687, 0.2556773695313704, 0.2391963522191191, 0.21875754640258388, 0.29511357263108984, 0.2620450722977819, 0.2179922587493459, 0.25182023600789055, 0.24694954431684923]

Average F1Score 0.655168837184446
F1Score sd 0.021083853618358215
All F1 Scores[0.633417527745886, 0.6393575142048499, 0.6302486810848015, 0.6544693101248702, 0.6240352049910873, 0.6355206465597987, 0.6179851205609227, 0.6754448045883127, 0.6424111078460182, 0.6303980890301784, 0.6546215989660389, 0.6726551226551226, 0.690920444527556, 0.66312615486445, 0.678858679740352, 0.6840105944791887, 0.6720528808842027, 0.6550028587764437, 0.6574718772312057, 0.6547992692807358, 0.6666666666666667, 0.681897128593018, 0.6729077540106951, 0.684199070481084, 0.6697788697788698, 0.6262940258591592, 0.660406483148958, 0.6364037079582187, 0.662475688562645, 0.6272282323320441]


most used: False
rate 0.2

Average Score 0.6863636363636364
Score sd 0.016592883131679552
All Scores[0.6787878787878788, 0.693939393939394, 0.706060606060606, 0.6909090909090909, 0.7090909090909091, 0.6757575757575758, 0.6787878787878788, 0.703030303030303, 0.703030303030303, 0.6787878787878788, 0.6878787878787879, 0.6606060606060606, 0.6787878787878788, 0.6606060606060606, 0.6666666666666666, 0.6787878787878788, 0.703030303030303, 0.6878787878787879, 0.6727272727272727, 0.6909090909090909, 0.7121212121212122, 0.6727272727272727, 0.7, 0.7181818181818181, 0.6878787878787879, 0.6878787878787879, 0.6454545454545455, 0.6878787878787879, 0.6787878787878788, 0.693939393939394]

Average Loss 0.13459535107138268
Loss sd 0.013953644429432583
All losses[0.13818128083804151, 0.15472852531317297, 0.12896959125648527, 0.1342874556485161, 0.1260650209157227, 0.13088576684305434, 0.1192176271312778, 0.14426106283513473, 0.1416001864326254, 0.14351597253722775, 0.1355208150154388, 0.11775565856813416, 0.11348627697823402, 0.15221348818074892, 0.1390312549567804, 0.13758853318280626, 0.16459778245092255, 0.11139166206692276, 0.12512140325499566, 0.14302061760250667, 0.1162918736894677, 0.15328003089527636, 0.12290474976893792, 0.13989067204744626, 0.1254995568177137, 0.14982663612146196, 0.12127385482566554, 0.1558101248365151, 0.12146356839576376, 0.13017948273448324]

Average F1Score 0.6862835269977439
F1Score sd 0.016592883131679552
All F1 Scores[0.6787878787878788, 0.6940661271096054, 0.7062313450662967, 0.690954510388036, 0.7094336465051829, 0.6758380262805042, 0.6787878787878787, 0.702921207223033, 0.7023734115347018, 0.6787878787878788, 0.686631802900347, 0.6609180035650625, 0.6775531781445442, 0.6607307277892057, 0.6669973544973545, 0.6789649136871359, 0.7032922484427501, 0.6871464123638036, 0.6720761996624065, 0.690897737290626, 0.7121079944246365, 0.6729439378893203, 0.69997518815648, 0.7182516962333476, 0.6878988509508532, 0.6880366002016322, 0.6454447775548693, 0.6876980874830515, 0.6787878787878788, 0.6939703094360161]


most used: False
rate 0.1

Average Score 0.6993939393939395
Score sd 0.019757562936319098
All Scores[0.696969696969697, 0.7121212121212122, 0.7151515151515152, 0.7303030303030303, 0.6878787878787879, 0.693939393939394, 0.6696969696969697, 0.7, 0.7121212121212122, 0.7303030303030303, 0.6909090909090909, 0.7121212121212122, 0.7, 0.7151515151515152, 0.6848484848484848, 0.6848484848484848, 0.6606060606060606, 0.706060606060606, 0.6727272727272727, 0.7272727272727273, 0.7121212121212122, 0.7181818181818181, 0.7151515151515152, 0.6909090909090909, 0.6727272727272727, 0.6848484848484848, 0.7, 0.7272727272727273, 0.6636363636363637, 0.693939393939394]

Average Loss 0.0473453763826767
Loss sd 0.00603568692602429
All losses[0.040849344615014146, 0.04264938474382719, 0.05411849529062097, 0.05132284997406022, 0.056508275386575935, 0.042872988861423676, 0.04369631235389781, 0.0510092357989368, 0.0481055622683809, 0.05978563863774108, 0.059761928494639606, 0.044680473987768435, 0.04254555400905612, 0.05102643140947722, 0.04365810396313308, 0.04063352771175827, 0.04668055091953544, 0.047487823144751154, 0.05677857224061946, 0.043703968506786005, 0.039883486652283306, 0.04792099177135617, 0.047247009545237306, 0.0420486386244993, 0.0477475726287109, 0.04829410787013623, 0.03469331660047211, 0.05298908900738698, 0.04448800398571456, 0.04717405247650055]

Average F1Score 0.6992267803842889
F1Score sd 0.019757562936319098
All F1 Scores[0.696980827968192, 0.7123248544089879, 0.7151410520129298, 0.7303154159273563, 0.6878529906052843, 0.6939703435405731, 0.6697060690375598, 0.7000303033085703, 0.7119387945076019, 0.7286764381790276, 0.6899076550267595, 0.7112645168459208, 0.7003225539657596, 0.7151724414286859, 0.684941145810711, 0.6859979101358412, 0.6608679386457165, 0.7046713274686629, 0.6722943722943722, 0.7265493127562093, 0.7120020076541814, 0.7184277215321992, 0.7151515151515152, 0.6900905780746892, 0.6719328337997652, 0.6848484848484847, 0.6999807075727371, 0.7275233957219251, 0.6639608271857862, 0.6939590761126622]


