min_count: 1
window 5

Average Score 0.79
Score sd 0.015310555067732264
All Scores[0.7606060606060606, 0.7757575757575758, 0.8, 0.7909090909090909, 0.7696969696969697, 0.793939393939394, 0.803030303030303, 0.7878787878787878, 0.7848484848484848, 0.793939393939394, 0.8, 0.7818181818181819, 0.7818181818181819, 0.7848484848484848, 0.7636363636363637, 0.8181818181818182, 0.8121212121212121, 0.803030303030303, 0.806060606060606, 0.7909090909090909, 0.7818181818181819, 0.8, 0.7909090909090909, 0.7787878787878788, 0.7727272727272727, 0.7848484848484848, 0.8, 0.793939393939394, 0.8242424242424242, 0.7696969696969697]

Average Loss 0.023357552906244264
Loss sd 0.08093903563713883
All losses[0.44630303566354623, 0.0773482730918908, 0.013151679108895116, 0.007730870763342663, 0.007519048009154795, 0.0075626518259752544, 0.006072529827166883, 0.006192989756313957, 0.006130649466827763, 0.006010674149255997, 0.0054631270628117045, 0.006824909618935457, 0.005528786422399505, 0.005944676163320281, 0.006195230016704684, 0.006594869019848701, 0.006211872935081281, 0.0056039309723024434, 0.006187244825075596, 0.006105365899888804, 0.005077541676534844, 0.005966777293586746, 0.006217225012987036, 0.005520877764548221, 0.00573252967355815, 0.004972254057461983, 0.005849474478052903, 0.005978102557774018, 0.005252801725688683, 0.005476588348397451]

Average F1Score 0.7898652428842023
F1Score sd 0.015310555067732264
All F1 Scores[0.7604191629266257, 0.7744799356919673, 0.7999117290080546, 0.7896930739905945, 0.7695445016199733, 0.793939393939394, 0.8030103849701382, 0.7877384960718293, 0.7849966948474413, 0.7940607801069494, 0.8000735294117648, 0.7822677763802286, 0.7817941317941318, 0.7848781813999205, 0.7632878089652283, 0.8183960290657395, 0.8122870545909274, 0.8030646690413997, 0.8059963025480267, 0.7912734514676262, 0.7811097992916175, 0.7995856302489918, 0.7906342216788168, 0.7782160911873064, 0.7723740239674057, 0.7848069921464418, 0.799941228327946, 0.7942578567541771, 0.8240097098091139, 0.7699086452762924]


min_count: 1
window 6

Average Score 0.787979797979798
Score sd 0.018449498262879976
All Scores[0.7787878787878788, 0.7757575757575758, 0.7727272727272727, 0.8, 0.7606060606060606, 0.7818181818181819, 0.7909090909090909, 0.7696969696969697, 0.803030303030303, 0.8363636363636363, 0.7696969696969697, 0.7666666666666667, 0.8, 0.8, 0.7696969696969697, 0.8151515151515152, 0.8121212121212121, 0.803030303030303, 0.7848484848484848, 0.7515151515151515, 0.7878787878787878, 0.8, 0.7757575757575758, 0.7757575757575758, 0.806060606060606, 0.806060606060606, 0.7818181818181819, 0.7848484848484848, 0.7818181818181819, 0.796969696969697]

Average Loss 0.021547526837827614
Loss sd 0.07834668663858739
All losses[0.43462397980200956, 0.044891081483337064, 0.010141329072962687, 0.007596406412551412, 0.006946874787013304, 0.006330641732377824, 0.0064117475247323615, 0.005654383295599104, 0.005882874145968973, 0.006167161369443674, 0.006979296672971098, 0.005225207634188802, 0.006095995351710339, 0.006004245070755819, 0.005981529766306946, 0.00547225521386684, 0.005797204219126313, 0.005765832493668828, 0.005910589935673275, 0.005426465857994546, 0.00570492049821528, 0.00513618454228215, 0.005545328101928256, 0.005330030405034993, 0.004983397468199934, 0.0049383833783397625, 0.005157373071824342, 0.005554833534508093, 0.0053559680473276175, 0.005414284244909222]

Average F1Score 0.7878994881752774
F1Score sd 0.018449498262879976
All F1 Scores[0.7777387822815895, 0.7755103949548394, 0.7727586423238597, 0.8, 0.7606919272276897, 0.7818743811384378, 0.7911653037994723, 0.7698746726524504, 0.8026343161836356, 0.8362733957219252, 0.7696969696969697, 0.766080817184918, 0.7999706141639729, 0.7998675935120821, 0.7690864686777945, 0.8153304684049021, 0.812328431372549, 0.8031697294514565, 0.7850878080021572, 0.7514143053915782, 0.7877619123945894, 0.8000440917107584, 0.7751804812834224, 0.7759308569950311, 0.806060606060606, 0.806117603053792, 0.7817219817219817, 0.7848939258979756, 0.7817540602008476, 0.7969641037970409]


min_count: 1
window 7

Average Score 0.7962626262626262
Score sd 0.02071645597813017
All Scores[0.7424242424242424, 0.806060606060606, 0.7636363636363637, 0.8121212121212121, 0.7757575757575758, 0.8090909090909091, 0.806060606060606, 0.7878787878787878, 0.8151515151515152, 0.7878787878787878, 0.7696969696969697, 0.8121212121212121, 0.7757575757575758, 0.8, 0.803030303030303, 0.7848484848484848, 0.8, 0.8151515151515152, 0.806060606060606, 0.7909090909090909, 0.8121212121212121, 0.796969696969697, 0.7454545454545455, 0.8212121212121212, 0.796969696969697, 0.8121212121212121, 0.803030303030303, 0.8090909090909091, 0.8272727272727273, 0.8]

Average Loss 0.02019289826593267
Loss sd 0.0731383489784612
All losses[0.4062951408380429, 0.03627267923548316, 0.009037149198675739, 0.006925855210614282, 0.006021362786128766, 0.006796987198038022, 0.006705254597190579, 0.0056688245832446195, 0.005969807797590635, 0.00574852692178607, 0.005992794040083897, 0.006105609582723997, 0.005718743550824872, 0.005894576209054889, 0.005299237666488276, 0.005676891959949729, 0.005716758145710919, 0.005763536019127736, 0.005451724543811342, 0.0056108741575773705, 0.005559656297875421, 0.005652501128639872, 0.005383249363848217, 0.0055096176987861675, 0.005210056433507554, 0.005047363248733442, 0.0052447653873102925, 0.00499736030440655, 0.005340190749344323, 0.005169853123380458]

Average F1Score 0.7962029841344931
F1Score sd 0.02071645597813017
All F1 Scores[0.7421470780126546, 0.806060606060606, 0.763653729907725, 0.8121212121212121, 0.7757163547237077, 0.8087483530961792, 0.8056327985739751, 0.7877852359457711, 0.8151362371545856, 0.7877381239450205, 0.7697477270501073, 0.8119760305438845, 0.77546877369515, 0.799852989819545, 0.8031009527822764, 0.7848583633375044, 0.8000293890746115, 0.8152347259236494, 0.8057182216070001, 0.7908687670155559, 0.8121212121212121, 0.7969529162189711, 0.7455673383888737, 0.8213385937908451, 0.7969529162189711, 0.8120244244029936, 0.8031298933311272, 0.8092330132856143, 0.8271441568108511, 0.8000293890746115]


min_count: 1
window 8

Average Score 0.797979797979798
Score sd 0.02294508422545565
All Scores[0.7545454545454545, 0.7848484848484848, 0.7696969696969697, 0.8090909090909091, 0.7909090909090909, 0.8151515151515152, 0.7787878787878788, 0.796969696969697, 0.7727272727272727, 0.8151515151515152, 0.793939393939394, 0.8181818181818182, 0.806060606060606, 0.7787878787878788, 0.7787878787878788, 0.7878787878787878, 0.7666666666666667, 0.8303030303030303, 0.793939393939394, 0.8272727272727273, 0.8, 0.8090909090909091, 0.8242424242424242, 0.8393939393939394, 0.8151515151515152, 0.7909090909090909, 0.7909090909090909, 0.7545454545454545, 0.8090909090909091, 0.8363636363636363]

Average Loss 0.01851184361149562
Loss sd 0.0680774717769253
All losses[0.3784356921030504, 0.02524254531497965, 0.007751608229691104, 0.006476996428714417, 0.005888862679162194, 0.006106526497880264, 0.00528197589885723, 0.005541019360338097, 0.0049557385601147405, 0.005176269646351684, 0.005930451764556213, 0.005218285362737128, 0.0056907331029205305, 0.005443269477731211, 0.005043389210598791, 0.0053440790712121515, 0.005050268173121701, 0.005196237255859594, 0.0054949813180472625, 0.005405535413587213, 0.0050519854596453645, 0.005243001095681758, 0.0049952342884732595, 0.005224304703229783, 0.005316466704207204, 0.004739460499273732, 0.005172696674148534, 0.0047074481695861614, 0.004901684266946332, 0.005328561614164912]

Average F1Score 0.7979759336501161
F1Score sd 0.02294508422545565
All F1 Scores[0.7544665309793789, 0.7848781813999205, 0.7696800505792571, 0.8090295240950724, 0.790439380072461, 0.8149218897044985, 0.779022622344175, 0.7969266070566232, 0.772645753782688, 0.8152075344735894, 0.7942047796183798, 0.8181818181818182, 0.8063385174496286, 0.7789892044113905, 0.7786964612652686, 0.787667791978137, 0.7668017136575074, 0.8302905635847159, 0.7938557654466746, 0.8274872953133823, 0.8000220393770202, 0.8088010540184454, 0.8242812099813095, 0.8396819729981385, 0.815139627898353, 0.7907880391876754, 0.7908802838952094, 0.7545296698322393, 0.8091066880057707, 0.8363154389147539]


min_count: 1
window 9

Average Score 0.7955555555555556
Score sd 0.02229272246770011
All Scores[0.7575757575757576, 0.7636363636363637, 0.7848484848484848, 0.7909090909090909, 0.793939393939394, 0.796969696969697, 0.8242424242424242, 0.8212121212121212, 0.7878787878787878, 0.8, 0.8151515151515152, 0.8303030303030303, 0.7878787878787878, 0.7606060606060606, 0.8, 0.7909090909090909, 0.8242424242424242, 0.7454545454545455, 0.793939393939394, 0.803030303030303, 0.8151515151515152, 0.8090909090909091, 0.806060606060606, 0.796969696969697, 0.803030303030303, 0.7787878787878788, 0.8, 0.8303030303030303, 0.7545454545454545, 0.8]

Average Loss 0.017196496943058522
Loss sd 0.06296441576387175
All losses[0.3503724446520453, 0.016565754113295323, 0.008139400982389727, 0.006255962008021721, 0.006167180254566777, 0.006087797919891956, 0.005887992417092713, 0.005745088313792414, 0.0055684897118360045, 0.0050545905650289345, 0.0055055607903049105, 0.005588794200282852, 0.005171466182346563, 0.004561031482630419, 0.00521129645022818, 0.005474548495529134, 0.004773869176702152, 0.004525050378696983, 0.00518427527898926, 0.004840780449519886, 0.004844114548370189, 0.005385177900743538, 0.004982345683283475, 0.005135449608588352, 0.005192892309502568, 0.0048063050218167406, 0.004770461853737242, 0.004938332847614451, 0.004567924453934799, 0.004590530240973053]

Average F1Score 0.7954630456711906
F1Score sd 0.02229272246770011
All F1 Scores[0.7573617672922538, 0.763705828721809, 0.7848702175243282, 0.7909148514653103, 0.7932556905460131, 0.797020039221874, 0.8239835860910196, 0.8209722129913876, 0.7878787878787878, 0.7999559082892416, 0.8150581358939569, 0.8304341620502937, 0.787988064334841, 0.7604629495700118, 0.8, 0.7907266464878405, 0.8242424242424242, 0.7449398395721925, 0.7938484480689049, 0.8029163023237493, 0.8150207553667328, 0.8089243294019413, 0.8061461172572284, 0.7969081041990335, 0.8027856201769246, 0.7786598095753668, 0.7999118327761655, 0.8305476408078418, 0.7544439515492365, 0.8000073464590066]


min_count: 1
window 10

Average Score 0.8023232323232323
Score sd 0.02037741692580967
All Scores[0.7878787878787878, 0.806060606060606, 0.806060606060606, 0.8303030303030303, 0.8272727272727273, 0.7727272727272727, 0.8090909090909091, 0.7787878787878788, 0.806060606060606, 0.8, 0.8121212121212121, 0.793939393939394, 0.8212121212121212, 0.7696969696969697, 0.7909090909090909, 0.803030303030303, 0.8, 0.8151515151515152, 0.7757575757575758, 0.8333333333333334, 0.8515151515151516, 0.803030303030303, 0.7787878787878788, 0.8363636363636363, 0.803030303030303, 0.8090909090909091, 0.8, 0.7787878787878788, 0.7848484848484848, 0.7848484848484848]

Average Loss 0.017754838284939616
Loss sd 0.06557155487724692
All losses[0.36455814180277163, 0.02152229531003742, 0.00707188967100867, 0.006731445794339445, 0.006747174379584218, 0.005729585077368978, 0.006118703851898917, 0.005551244174251755, 0.005529903135355873, 0.0054319987138570424, 0.005389692600100768, 0.005275933269938608, 0.005456636294022817, 0.005106630757008405, 0.004420272272623873, 0.004686075882099336, 0.004910484947207366, 0.004838978525468812, 0.004832706778413589, 0.0048089210751602164, 0.005150097035172217, 0.004639056093029955, 0.00449235734915968, 0.00514611370071599, 0.004836859081028963, 0.004817079734316536, 0.00457650911670662, 0.004609976832789857, 0.004891781011309041, 0.00476660428144187]

Average F1Score 0.8022368278619669
F1Score sd 0.02037741692580967
All F1 Scores[0.7878476210830017, 0.8060321075640131, 0.8059465617994047, 0.8303030303030303, 0.8268379588767938, 0.7728629579375847, 0.8087573463228677, 0.7788590074338483, 0.8059180507341043, 0.8000220393770202, 0.8117340612483386, 0.7940909090909092, 0.821256452449113, 0.7693573523250943, 0.7909840883381086, 0.8028761526749761, 0.8000000000000002, 0.8145367103068942, 0.7758402457757296, 0.8334328358208957, 0.8514101149667199, 0.8030357296412342, 0.7788021045170727, 0.8361223292836195, 0.8029814635319222, 0.8091874350747847, 0.7999118165784832, 0.7787491551005127, 0.7848899927980507, 0.7845192049048798]


min_count: 2
window 5

Average Score 0.7902020202020202
Score sd 0.022020473636957277
All Scores[0.7393939393939394, 0.7878787878787878, 0.8, 0.7606060606060606, 0.8212121212121212, 0.7848484848484848, 0.793939393939394, 0.806060606060606, 0.8090909090909091, 0.796969696969697, 0.8242424242424242, 0.7757575757575758, 0.7515151515151515, 0.7393939393939394, 0.803030303030303, 0.796969696969697, 0.8181818181818182, 0.793939393939394, 0.796969696969697, 0.793939393939394, 0.7696969696969697, 0.7696969696969697, 0.8, 0.7787878787878788, 0.796969696969697, 0.7787878787878788, 0.803030303030303, 0.8, 0.8181818181818182, 0.796969696969697]

Average Loss 0.019877718596402687
Loss sd 0.06876931511455647
All losses[0.3827768271946434, 0.036093848042277325, 0.012818898935923643, 0.007765422693527501, 0.0075181262167850664, 0.007252637671966208, 0.007090285069193353, 0.006215786973765301, 0.006735028588860366, 0.006590172918813152, 0.0062185741857241385, 0.005802051924627892, 0.0062603433739439295, 0.005797725175743493, 0.00605588545511168, 0.00629789999458772, 0.005841942204599153, 0.006087138258468111, 0.005249795591284791, 0.005833842710223254, 0.005791583097685568, 0.005528353027432162, 0.0056117459387879905, 0.00583248235078757, 0.005682599931797699, 0.005652658951802396, 0.005872187665500042, 0.00568588010508551, 0.005305322628763348, 0.005066511014368851]

Average F1Score 0.7901686899831786
F1Score sd 0.022020473636957277
All F1 Scores[0.7393077601410933, 0.7878787878787878, 0.7999265273134712, 0.7606214555732704, 0.8210494657934905, 0.784826728198151, 0.7939848217625994, 0.8054590437441883, 0.8088785519263827, 0.7970763197253216, 0.8242553362006785, 0.7758400178253121, 0.7520094847681054, 0.739729574223245, 0.8022372631315038, 0.7969902278932516, 0.8181818181818182, 0.793939393939394, 0.7964957079258876, 0.794395936768818, 0.7693391049120081, 0.7696376481922552, 0.7999853070819865, 0.7784606870164192, 0.7970424135561752, 0.7783653403865453, 0.8032094996779472, 0.8001176081443641, 0.8181818181818182, 0.7976370494310665]


min_count: 2
window 6

Average Score 0.7941414141414141
Score sd 0.020842173799555556
All Scores[0.7696969696969697, 0.8, 0.7606060606060606, 0.7727272727272727, 0.7696969696969697, 0.8, 0.8303030303030303, 0.8151515151515152, 0.8181818181818182, 0.8121212121212121, 0.793939393939394, 0.803030303030303, 0.7757575757575758, 0.7909090909090909, 0.7696969696969697, 0.806060606060606, 0.7818181818181819, 0.793939393939394, 0.806060606060606, 0.7909090909090909, 0.8090909090909091, 0.8181818181818182, 0.8212121212121212, 0.7848484848484848, 0.7515151515151515, 0.7575757575757576, 0.7909090909090909, 0.803030303030303, 0.8151515151515152, 0.8121212121212121]

Average Loss 0.017859970597576505
Loss sd 0.06154989527260471
All losses[0.34284201263249037, 0.030586531164603185, 0.008432199656020248, 0.007295033941870205, 0.0058778250097208965, 0.006386650087648167, 0.006197944703318716, 0.0066202765099748154, 0.0062582534106413, 0.006022266694497098, 0.006200205818411958, 0.005083213321758506, 0.005914663367616462, 0.005642003398578692, 0.004948995591205729, 0.005765009281236142, 0.005621809122115747, 0.005636192200734394, 0.005777294741290275, 0.005428912291125026, 0.0055804887632569045, 0.005457904363574593, 0.005179464758050513, 0.005331021990668651, 0.004953909967981694, 0.005238571397457459, 0.005120179592447981, 0.005298841552240325, 0.005457607144895368, 0.005643835451863763]

Average F1Score 0.7941486823735976
F1Score sd 0.020842173799555556
All F1 Scores[0.7696292857675614, 0.8000589079930783, 0.7604366038788124, 0.7728339922040375, 0.7704084873896194, 0.8001545481307034, 0.8303342245989305, 0.8151158664920135, 0.8180415263748597, 0.8117895271817813, 0.7940302328972839, 0.8030140124259719, 0.775815336170061, 0.7908034651915249, 0.7697646461678199, 0.8061605159632832, 0.7817941317941318, 0.794030339809883, 0.8054309327036601, 0.790891809240433, 0.8090891560069422, 0.8178466694595727, 0.8212203319068991, 0.7850836965626907, 0.7515151515151515, 0.7575757575757576, 0.7911340831961448, 0.8030140231975094, 0.8151770290900725, 0.8122661803217359]


min_count: 2
window 7

Average Score 0.7863636363636364
Score sd 0.024537777609274572
All Scores[0.7454545454545455, 0.7575757575757576, 0.7818181818181819, 0.7818181818181819, 0.7727272727272727, 0.7787878787878788, 0.793939393939394, 0.7696969696969697, 0.8, 0.803030303030303, 0.7727272727272727, 0.7848484848484848, 0.806060606060606, 0.8121212121212121, 0.8121212121212121, 0.7787878787878788, 0.7272727272727273, 0.8212121212121212, 0.803030303030303, 0.803030303030303, 0.7909090909090909, 0.8151515151515152, 0.7757575757575758, 0.8151515151515152, 0.7363636363636363, 0.8090909090909091, 0.796969696969697, 0.7515151515151515, 0.7848484848484848, 0.8090909090909091]

Average Loss 0.017181710724384392
Loss sd 0.06136259305975071
All losses[0.3418842071935739, 0.01653190481241832, 0.007620738051267109, 0.00656481076823107, 0.006488492388253882, 0.006845589785044733, 0.006097729614826599, 0.006329521952427762, 0.006222705902269751, 0.005548296401508499, 0.006247713115926149, 0.005507850987504373, 0.005576259772973932, 0.005859782241448649, 0.0049101734850265245, 0.005314750000533345, 0.005375397667353678, 0.005455994933447587, 0.0048339228503233266, 0.005209986682165081, 0.005147571183666728, 0.005416796187914306, 0.005261197680240365, 0.005171981371575129, 0.004975879534075176, 0.005279882329892312, 0.0050863033260612495, 0.004906720387594797, 0.00485813905548664, 0.004921022068500815]

Average F1Score 0.7863154113965032
F1Score sd 0.024537777609274572
All F1 Scores[0.7452860281062862, 0.7575757575757577, 0.781754031921256, 0.7818021514138485, 0.7725957334504798, 0.7787695966265098, 0.793939393939394, 0.7699339679272789, 0.8000440836119173, 0.8034777514594678, 0.7727126636942154, 0.7848386041818878, 0.8053063973063974, 0.8120867060258773, 0.8120107317431734, 0.7788305559754606, 0.7273528792943951, 0.8211973441331238, 0.8029416358140945, 0.8035248512941168, 0.790857211599913, 0.8151667920260838, 0.7755926916221033, 0.8150411578471279, 0.7361093270951702, 0.8090295376265527, 0.7968185702864389, 0.7521121176280845, 0.7838052657724788, 0.8089488048962036]


min_count: 2
window 8

Average Score 0.7933333333333333
Score sd 0.023504980079426686
All Scores[0.7606060606060606, 0.7909090909090909, 0.803030303030303, 0.793939393939394, 0.8515151515151516, 0.8424242424242424, 0.7727272727272727, 0.806060606060606, 0.7666666666666667, 0.7666666666666667, 0.8151515151515152, 0.7757575757575758, 0.7818181818181819, 0.803030303030303, 0.8, 0.8, 0.796969696969697, 0.8151515151515152, 0.7818181818181819, 0.7818181818181819, 0.8181818181818182, 0.796969696969697, 0.7727272727272727, 0.7818181818181819, 0.7515151515151515, 0.8303030303030303, 0.7636363636363637, 0.793939393939394, 0.793939393939394, 0.7909090909090909]

Average Loss 0.016365484947254046
Loss sd 0.05901892412682751
All losses[0.3287457583156767, 0.013039847070653593, 0.007451087426979563, 0.006519711330900339, 0.005800949384280861, 0.006113176886632607, 0.005666657314514395, 0.005761169853404465, 0.005385949783797392, 0.004977093654659701, 0.005506103469778723, 0.005297018147775975, 0.0053501042827330415, 0.005465024938525023, 0.005423153713741464, 0.005279105794276871, 0.005142132995119954, 0.0049205757587402164, 0.005161892002750925, 0.005327161389699317, 0.004778740585934429, 0.0052471575327377356, 0.004876710018576195, 0.004504556514953064, 0.004742035135187098, 0.005101802051932458, 0.004857160004509703, 0.004839822856250487, 0.004955118107305867, 0.004727772095593179]

Average F1Score 0.7932768459142904
F1Score sd 0.023504980079426686
All F1 Scores[0.7605070638566627, 0.7910340866241207, 0.8030031659882407, 0.794052963497408, 0.8514865051837611, 0.8421337801982962, 0.7728295810536672, 0.8059893598191237, 0.7667631571692443, 0.7667630933685979, 0.8151871769110013, 0.775955320399765, 0.7817941317941318, 0.8025211770845878, 0.8, 0.8000882061082729, 0.7969752905532721, 0.814833745483963, 0.7815774427492401, 0.7817861068697189, 0.8181617764951099, 0.797120823652955, 0.7721022941521235, 0.7818502390938477, 0.7512949367386058, 0.8302780941185116, 0.7633578894872664, 0.7942126838678564, 0.7937573146880611, 0.7908879704212994]


min_count: 2
window 9

Average Score 0.803030303030303
Score sd 0.020994555243259116
All Scores[0.7424242424242424, 0.7818181818181819, 0.7666666666666667, 0.806060606060606, 0.8151515151515152, 0.8212121212121212, 0.8181818181818182, 0.7787878787878788, 0.8151515151515152, 0.7818181818181819, 0.796969696969697, 0.8515151515151516, 0.806060606060606, 0.7878787878787878, 0.8151515151515152, 0.8151515151515152, 0.796969696969697, 0.806060606060606, 0.806060606060606, 0.7909090909090909, 0.8, 0.7909090909090909, 0.8, 0.8363636363636363, 0.8272727272727273, 0.7909090909090909, 0.8151515151515152, 0.8090909090909091, 0.8121212121212121, 0.8090909090909091]

Average Loss 0.01539537603854692
Loss sd 0.0542727581372759
All losses[0.3026744499378882, 0.011590689359097253, 0.006265759807060028, 0.006839764838596161, 0.005993296981487867, 0.005930420544799343, 0.005379514796452868, 0.005828686156838238, 0.0054558272062730446, 0.005304058532658731, 0.005308861858768719, 0.005049675158211547, 0.005515444941559655, 0.005237071289768841, 0.005156605190934535, 0.005325456595917662, 0.005045416992008182, 0.004912877302699732, 0.005171533718182372, 0.005104965217327419, 0.004856425344824206, 0.005086166783846425, 0.00487199663154921, 0.004937369033383746, 0.0048864729960253405, 0.004734603487038539, 0.004908615809930571, 0.004980671108008397, 0.004800873296311035, 0.0047077102389596935]

Average F1Score 0.8029297668492593
F1Score sd 0.020994555243259116
All F1 Scores[0.741013173787018, 0.7817941388614323, 0.7664415883485989, 0.8058321144510903, 0.8151056508347055, 0.8211874437961394, 0.8182018539791093, 0.7787939732893863, 0.8151871638110172, 0.7817377461248429, 0.7969864777204226, 0.851535608669937, 0.806060606060606, 0.7876907996549073, 0.8153945154855258, 0.814762360446571, 0.7967849865790484, 0.8057182216070001, 0.8059750728647049, 0.7907880747744414, 0.8, 0.7913117111654042, 0.7997351870241642, 0.8363395934068869, 0.8273949935189696, 0.7909263713081931, 0.8151871638110172, 0.8087232992916664, 0.812176427958361, 0.8091066868466111]


min_count: 2
window 10

Average Score 0.8033333333333333
Score sd 0.020403298937112548
All Scores[0.7666666666666667, 0.7575757575757576, 0.8272727272727273, 0.7878787878787878, 0.8393939393939394, 0.793939393939394, 0.8212121212121212, 0.793939393939394, 0.8181818181818182, 0.7878787878787878, 0.8333333333333334, 0.8, 0.7848484848484848, 0.793939393939394, 0.806060606060606, 0.7909090909090909, 0.8212121212121212, 0.8090909090909091, 0.8121212121212121, 0.8, 0.7909090909090909, 0.796969696969697, 0.7878787878787878, 0.8393939393939394, 0.8242424242424242, 0.8151515151515152, 0.7909090909090909, 0.7848484848484848, 0.8303030303030303, 0.793939393939394]

Average Loss 0.014501347611008625
Loss sd 0.050242713403621124
All losses[0.2804697277018763, 0.009242616140549836, 0.007646533443887556, 0.006208677819599159, 0.006145134553632433, 0.0056650390375946914, 0.005892553634124085, 0.005273980848929595, 0.005316516187450258, 0.0050099630218705645, 0.005306698126899522, 0.0052999141611897935, 0.005119647006629448, 0.004972719059993865, 0.004971180097843674, 0.005123103316753849, 0.005234564208425745, 0.004817284925408888, 0.0050329303527339745, 0.004655060398620816, 0.004773911257367007, 0.0048815872984476726, 0.004839917759294597, 0.004694954498460077, 0.004865195103746367, 0.0047938334116692585, 0.004759661323506859, 0.004634785616470186, 0.0048388004548721, 0.004553937562410584]

Average F1Score 0.8032418948421461
F1Score sd 0.020403298937112548
All F1 Scores[0.7666216510030531, 0.7573346194035848, 0.8273827030210195, 0.7874074074074073, 0.8393718122673346, 0.793916686702464, 0.8211677606434037, 0.793984813418339, 0.8182219413599752, 0.7877151141040031, 0.8331291056670872, 0.799911793891727, 0.7843082859757038, 0.7937344264930472, 0.806060606060606, 0.790891809240433, 0.8212071958809762, 0.8088785519263827, 0.8118792428256663, 0.8001102941176472, 0.7905916305916305, 0.7966055790172187, 0.7878164474174908, 0.8395491143317231, 0.8242424242424242, 0.8151362382769467, 0.7909225371462741, 0.7849137547994864, 0.8303341970988166, 0.7939091009325123]


min_count: 3
window 5

Average Score 0.7935353535353535
Score sd 0.020440253272748617
All Scores[0.7242424242424242, 0.7909090909090909, 0.7787878787878788, 0.7909090909090909, 0.7727272727272727, 0.803030303030303, 0.8121212121212121, 0.7909090909090909, 0.8090909090909091, 0.8121212121212121, 0.7666666666666667, 0.793939393939394, 0.796969696969697, 0.8121212121212121, 0.7696969696969697, 0.7787878787878788, 0.803030303030303, 0.7909090909090909, 0.7787878787878788, 0.7818181818181819, 0.7818181818181819, 0.7787878787878788, 0.8151515151515152, 0.8090909090909091, 0.796969696969697, 0.8242424242424242, 0.8121212121212121, 0.803030303030303, 0.8090909090909091, 0.8181818181818182]

Average Loss 0.017380121378440097
Loss sd 0.05832802538107972
All losses[0.32533985299776663, 0.029605353274876005, 0.007593510445166511, 0.007287602585323346, 0.007197508633440421, 0.006792503712478088, 0.006190323264091939, 0.0064847157929427334, 0.006563100424336904, 0.006048347681147831, 0.006320532960245065, 0.006325660610587211, 0.00583599522337579, 0.005836098007949049, 0.006275997768538205, 0.005450893840086506, 0.00552353004958387, 0.005612506051815235, 0.00513959826103204, 0.005218147564481852, 0.0053055438592733515, 0.005370973086245976, 0.005615575858827003, 0.00599117557966786, 0.005668334619000412, 0.00568783843610657, 0.0053157133308299204, 0.004969701923413407, 0.0054119876494252905, 0.0054250178611479054]

Average F1Score 0.7934522083969032
F1Score sd 0.020440253272748617
All F1 Scores[0.723767641148017, 0.7915875621175563, 0.778736802334124, 0.7908647147299555, 0.7713090636794772, 0.8031768215254453, 0.8120658743095326, 0.7909955119507358, 0.8090645586297762, 0.8121212121212121, 0.7666130884041332, 0.7936661040109315, 0.7969529162189711, 0.812052192324776, 0.7694936789276412, 0.7788386737640468, 0.8032209909232563, 0.7908918105099887, 0.7787858474366155, 0.7814974323335527, 0.7821075476247888, 0.7787980377831125, 0.8148768973473001, 0.8092124612337585, 0.7969305274961629, 0.8242424242424242, 0.812224760835872, 0.8027528323907143, 0.8085364473713988, 0.8181818181818182]


min_count: 3
window 6

Average Score 0.8072727272727273
Score sd 0.022962557788591857
All Scores[0.7484848484848485, 0.803030303030303, 0.8424242424242424, 0.8151515151515152, 0.7696969696969697, 0.8121212121212121, 0.8272727272727273, 0.8, 0.793939393939394, 0.8151515151515152, 0.8151515151515152, 0.8454545454545455, 0.7878787878787878, 0.8121212121212121, 0.806060606060606, 0.8121212121212121, 0.7787878787878788, 0.8424242424242424, 0.8393939393939394, 0.8151515151515152, 0.7818181818181819, 0.796969696969697, 0.8090909090909091, 0.7848484848484848, 0.8363636363636363, 0.793939393939394, 0.8151515151515152, 0.7878787878787878, 0.8303030303030303, 0.8]

Average Loss 0.018070928867169718
Loss sd 0.06409203755524329
All losses[0.35704910905955695, 0.021528297240684835, 0.008926037452963885, 0.00761786044754664, 0.006855561076830008, 0.006231808055614521, 0.006041196143006457, 0.0066006602981615314, 0.006255610453452797, 0.006268473018365574, 0.005792737423319133, 0.006016248619065385, 0.005848363648164954, 0.005713794163871642, 0.005587209109166771, 0.005428015208169422, 0.005414975375612137, 0.005942240058234956, 0.005370737401566405, 0.005342495054698756, 0.005252902403347338, 0.005229417586706209, 0.005071161202458432, 0.004908014554222938, 0.005501221521013442, 0.00539430316712502, 0.005301159999202098, 0.00531488710473553, 0.005032550213107054, 0.005290818955120684]

Average F1Score 0.8071197219275186
F1Score sd 0.022962557788591857
All F1 Scores[0.7469368272793543, 0.8030176362851303, 0.8420995352405419, 0.8150445298730571, 0.769561542136793, 0.8118724484166392, 0.8270104774452601, 0.7998236331569667, 0.7932463308424279, 0.8148332539563631, 0.8149458994842753, 0.8455271146987456, 0.7879334261068144, 0.8120797926353482, 0.8059319990354473, 0.8123982683982683, 0.7787326631822846, 0.8424590158453119, 0.8394426620334196, 0.8151633971650685, 0.7812940164507285, 0.7965076650286574, 0.8090856498390084, 0.7849614731417586, 0.8360380998312034, 0.7939999532446539, 0.8149489853000548, 0.7878241496507612, 0.8303030303030303, 0.8005681818181818]


min_count: 3
window 7

Average Score 0.7936363636363637
Score sd 0.017782981886092408
All Scores[0.7666666666666667, 0.7636363636363637, 0.8, 0.7757575757575758, 0.7727272727272727, 0.7696969696969697, 0.803030303030303, 0.803030303030303, 0.8151515151515152, 0.793939393939394, 0.7818181818181819, 0.8151515151515152, 0.806060606060606, 0.7757575757575758, 0.7909090909090909, 0.8181818181818182, 0.803030303030303, 0.8151515151515152, 0.8121212121212121, 0.7878787878787878, 0.796969696969697, 0.7909090909090909, 0.796969696969697, 0.8151515151515152, 0.793939393939394, 0.7909090909090909, 0.8212121212121212, 0.8, 0.7757575757575758, 0.7575757575757576]

Average Loss 0.015873820745289004
Loss sd 0.05462422977812571
All losses[0.3048645986468612, 0.01686510246432315, 0.007260729228536479, 0.007126603637296766, 0.006504908656706284, 0.005937706039399655, 0.006185985014735094, 0.005812276954591943, 0.00594063799831904, 0.005282694364033171, 0.005651286604591445, 0.004686850884250375, 0.005476856498458481, 0.00542006270873678, 0.005359618336328401, 0.005433165690788596, 0.005436963486559404, 0.005481165680445912, 0.005520225212907465, 0.0051124996085161545, 0.00533208258429383, 0.005024883830865839, 0.005081868260026203, 0.005052175993312463, 0.005249745887100892, 0.00494847925245916, 0.0052356142827508145, 0.005095692691302651, 0.0049803993967647035, 0.0048537424634077595]

Average F1Score 0.7935971705291566
F1Score sd 0.017782981886092408
All F1 Scores[0.766664524008485, 0.7639148377854612, 0.7997347480106101, 0.775658677999815, 0.772658325595933, 0.769561601838153, 0.8031189702465116, 0.8023481175178243, 0.8152448944090734, 0.7938182219118675, 0.7821552165147001, 0.8153060494426215, 0.8060463568123096, 0.7757411000642329, 0.7911107400062622, 0.8181417465872359, 0.8032027030083031, 0.814643985406944, 0.81210050237828, 0.787448347107438, 0.7969603750152698, 0.7905984576551425, 0.7967178191642669, 0.8151260518232996, 0.7940302328972839, 0.791053924140971, 0.8211281685570663, 0.8002205882352941, 0.775955320399765, 0.757504511334275]


min_count: 3
window 8

Average Score 0.7993939393939394
Score sd 0.016042753430154114
All Scores[0.7787878787878788, 0.7909090909090909, 0.796969696969697, 0.8, 0.7848484848484848, 0.796969696969697, 0.8151515151515152, 0.796969696969697, 0.7909090909090909, 0.8, 0.8121212121212121, 0.7848484848484848, 0.796969696969697, 0.7787878787878788, 0.8242424242424242, 0.796969696969697, 0.7606060606060606, 0.8303030303030303, 0.7909090909090909, 0.8181818181818182, 0.8181818181818182, 0.8242424242424242, 0.8, 0.796969696969697, 0.8, 0.796969696969697, 0.8181818181818182, 0.7848484848484848, 0.8151515151515152, 0.7818181818181819]

Average Loss 0.015357228622841838
Loss sd 0.05390072334876821
All losses[0.30067987142741465, 0.010728483940592778, 0.007113637638103822, 0.00620116273720275, 0.0065087855724785156, 0.005622149016892755, 0.005820233046205585, 0.00556259509064887, 0.005300904067828562, 0.005775538281727166, 0.0058412672047673826, 0.005443712275189881, 0.0055344053534110435, 0.0053704119093382725, 0.0051867332721029, 0.00516700610409784, 0.004569258559872222, 0.005100226921124266, 0.004969296959023938, 0.00487061518117806, 0.004635669870049967, 0.0049561228430909645, 0.005047202787384998, 0.005079989230009136, 0.005074007293684323, 0.004904907830329493, 0.005025875731005245, 0.004846432338644617, 0.005048801974270094, 0.004731554227585033]

Average F1Score 0.7993666368250214
F1Score sd 0.016042753430154114
All F1 Scores[0.778676129840309, 0.7908687670155559, 0.7968260755667395, 0.8000073464590066, 0.7850006806635592, 0.7969529051160016, 0.8151532125820227, 0.796997668997669, 0.7906151081570816, 0.8002575802178392, 0.8124675324675326, 0.7847990815154993, 0.7971133183726544, 0.7779897506964711, 0.82418430335097, 0.797016317016317, 0.7605069326808458, 0.8302656301480869, 0.7900218593287901, 0.8182419432419434, 0.8183960290657395, 0.8243459595029861, 0.8001470588235294, 0.7970537674885502, 0.8005666764792464, 0.7967209105399065, 0.8177598263805161, 0.7849374566106021, 0.8152109514173251, 0.7818983250073466]


min_count: 3
window 9

Average Score 0.8008080808080809
Score sd 0.01726957996832232
All Scores[0.7787878787878788, 0.8151515151515152, 0.7878787878787878, 0.8090909090909091, 0.8181818181818182, 0.8393939393939394, 0.7848484848484848, 0.806060606060606, 0.8181818181818182, 0.8151515151515152, 0.806060606060606, 0.803030303030303, 0.8272727272727273, 0.7757575757575758, 0.8181818181818182, 0.806060606060606, 0.793939393939394, 0.8181818181818182, 0.8151515151515152, 0.7666666666666667, 0.8, 0.7787878787878788, 0.7909090909090909, 0.806060606060606, 0.7757575757575758, 0.796969696969697, 0.803030303030303, 0.7909090909090909, 0.796969696969697, 0.7818181818181819]

Average Loss 0.015017322832244976
Loss sd 0.052550526291670153
All losses[0.29316130813335733, 0.012093055725764397, 0.0064753443595297385, 0.0063176633964832155, 0.006016129441024906, 0.006158396850174457, 0.005480090825183802, 0.005395542678493034, 0.00556856801736253, 0.005585823714540249, 0.005233189575911247, 0.0052087473899552345, 0.005254315330359635, 0.005220740882211806, 0.005149661636201037, 0.004959032466442307, 0.004837022174635694, 0.004949126121119372, 0.004842104349325272, 0.004914822611725036, 0.004844270794504065, 0.004888510752513287, 0.00486898334613255, 0.004872129829342981, 0.004494686814794588, 0.004680328805305767, 0.004919630375797811, 0.004716177298631915, 0.004755223539264496, 0.004659057731261525]

Average F1Score 0.8007620773313004
F1Score sd 0.01726957996832232
All F1 Scores[0.7780521287279226, 0.8151701868870991, 0.7879255982533043, 0.808923813727617, 0.8180808080808082, 0.8393363326730995, 0.7847990815154993, 0.8061461392565072, 0.8181951768520962, 0.8151498177210075, 0.8063101604278076, 0.8030031719689108, 0.8272172007097379, 0.7757575757575756, 0.8181818181818182, 0.8062030985435709, 0.7935294590467005, 0.8180481283422462, 0.8152178172264439, 0.7667205418302163, 0.7999853070819865, 0.7786312921918138, 0.7910993849915885, 0.8060392282614506, 0.7754279165650403, 0.7969081675503692, 0.8031478968792403, 0.7909302113968824, 0.7969790189241239, 0.78174584036653]


min_count: 3
window 10

Average Score 0.8002020202020202
Score sd 0.020933130719195673
All Scores[0.7606060606060606, 0.7787878787878788, 0.806060606060606, 0.8242424242424242, 0.7666666666666667, 0.8181818181818182, 0.8, 0.8303030303030303, 0.803030303030303, 0.8212121212121212, 0.7848484848484848, 0.8272727272727273, 0.793939393939394, 0.8363636363636363, 0.7878787878787878, 0.8151515151515152, 0.793939393939394, 0.7878787878787878, 0.8181818181818182, 0.8272727272727273, 0.8090909090909091, 0.803030303030303, 0.7878787878787878, 0.7696969696969697, 0.793939393939394, 0.793939393939394, 0.8272727272727273, 0.7757575757575758, 0.7878787878787878, 0.7757575757575758]

Average Loss 0.014203449960539311
Loss sd 0.04901265473301098
All losses[0.2736571871638323, 0.009669631786882342, 0.0060694404560785314, 0.006463606663960664, 0.005991174082259592, 0.005611139889584611, 0.005584930221979981, 0.005697011937953761, 0.005421888375313185, 0.005354232686553674, 0.005177933149649541, 0.005373596678486411, 0.004783449954698616, 0.0050795997482642, 0.00525932850367341, 0.00486254416761069, 0.004836041569549909, 0.005047002453209295, 0.004899835950503349, 0.0049335901697865866, 0.004840654035677082, 0.0047053771980198975, 0.0046210003290352705, 0.00448971428851949, 0.004558205450999391, 0.004540007191843007, 0.004742978159063314, 0.004644849867441503, 0.00467081617458936, 0.004516730511160355]

Average F1Score 0.8001604908525825
F1Score sd 0.020933130719195673
All F1 Scores[0.760863452154495, 0.7788427252719854, 0.8059107412065903, 0.8246047976543909, 0.7667416927726892, 0.8182754837155778, 0.8003972194637538, 0.83024064171123, 0.8025061918221912, 0.8212039123268796, 0.7845095199686637, 0.8272584521604255, 0.7938484480689049, 0.8363636363636363, 0.7879723398118048, 0.8149833459898798, 0.7936885084612356, 0.7877618092691623, 0.8178810160427809, 0.8270581592320723, 0.8091031860900764, 0.8029814312173092, 0.787769511422735, 0.7697308116616737, 0.7937801625320025, 0.7938332396677996, 0.82743961352657, 0.7756329966329967, 0.7879567736185384, 0.7756749057394218]


min_count: 4
window 5

Average Score 0.7935353535353535
Score sd 0.019922482582896486
All Scores[0.7787878787878788, 0.7636363636363637, 0.7666666666666667, 0.7878787878787878, 0.7727272727272727, 0.803030303030303, 0.8090909090909091, 0.7545454545454545, 0.7909090909090909, 0.7848484848484848, 0.8, 0.806060606060606, 0.8181818181818182, 0.8090909090909091, 0.7818181818181819, 0.7878787878787878, 0.8090909090909091, 0.8333333333333334, 0.8090909090909091, 0.793939393939394, 0.7878787878787878, 0.7878787878787878, 0.796969696969697, 0.8090909090909091, 0.7727272727272727, 0.7696969696969697, 0.7666666666666667, 0.8212121212121212, 0.8242424242424242, 0.8090909090909091]

Average Loss 0.017736784061359298
Loss sd 0.061682094693913385
All losses[0.3439850906620711, 0.020806300437474282, 0.007932853110767541, 0.008132312887610956, 0.007457833437867964, 0.006474421370397089, 0.006475151893907678, 0.005552119707702283, 0.005880934685252379, 0.006156994821796432, 0.006652165156557267, 0.005462040595634748, 0.006144201289037473, 0.005573186341217614, 0.006047940678515893, 0.0056666338640922916, 0.005552945558173001, 0.005718858625987692, 0.005641784659193224, 0.0055067382809397564, 0.0055555768714686355, 0.005573962372301218, 0.005772187663906364, 0.0053385276276554, 0.005430983451618069, 0.005547665713266812, 0.0053437395663456545, 0.005521585835576851, 0.0056227022838099645, 0.005576082390633249]

Average F1Score 0.793458211920818
F1Score sd 0.019922482582896486
All F1 Scores[0.7789814972247094, 0.7636276814575375, 0.7666214883043362, 0.7879255518144407, 0.7728588120040656, 0.8027896348720229, 0.8089804160984031, 0.7539868786167352, 0.7903330828950664, 0.7849136876659814, 0.8000220458553792, 0.8059964726631395, 0.8181149732620322, 0.809085649452622, 0.781802153180349, 0.7878476039011156, 0.8090049700967377, 0.833568116182216, 0.809071603894134, 0.7939848084132539, 0.7873164843084951, 0.7872540061340181, 0.7972887421899083, 0.8090891560069422, 0.7730720083839713, 0.7696969696969697, 0.7658089104684338, 0.8212926037622182, 0.82418430335097, 0.8092260454683349]


min_count: 4
window 6

Average Score 0.7873737373737374
Score sd 0.018494067854106653
All Scores[0.7575757575757576, 0.7575757575757576, 0.7878787878787878, 0.7878787878787878, 0.796969696969697, 0.7666666666666667, 0.803030303030303, 0.8, 0.7818181818181819, 0.7848484848484848, 0.7757575757575758, 0.803030303030303, 0.7727272727272727, 0.8303030303030303, 0.7818181818181819, 0.7818181818181819, 0.8212121212121212, 0.8090909090909091, 0.7696969696969697, 0.8121212121212121, 0.7909090909090909, 0.7666666666666667, 0.7909090909090909, 0.7696969696969697, 0.803030303030303, 0.793939393939394, 0.7818181818181819, 0.8, 0.7575757575757576, 0.7848484848484848]

Average Loss 0.01639948200928076
Loss sd 0.05676920967256825
All losses[0.3167267568620776, 0.017789576475703856, 0.007505802063324778, 0.007023916027370562, 0.006828050146981359, 0.005949056198729037, 0.005569882679672072, 0.005692896754397691, 0.006086638219226597, 0.005645843467993123, 0.005724371537573056, 0.0057567580517111335, 0.0054640908483814974, 0.005947605872820138, 0.0057591468823532145, 0.005289132135978487, 0.005356173103261387, 0.005390844059373915, 0.0052266819248390035, 0.00544340026032245, 0.005168976988545618, 0.005142942102181009, 0.005322469182914404, 0.005172826673202925, 0.004988232878035894, 0.005180064723902588, 0.00534643709005061, 0.005090887629603758, 0.005117279764188781, 0.0052777196737062975]

Average F1Score 0.7873709653133938
F1Score sd 0.018494067854106653
All F1 Scores[0.7581377507783159, 0.7578965070603867, 0.7877383567552385, 0.7880660293768537, 0.7964932973628627, 0.7666130884041332, 0.803144303736857, 0.7999853054626942, 0.7817780748663102, 0.7846686170670332, 0.7754690285204991, 0.802930712729479, 0.7721398197129861, 0.8303030303030303, 0.7820107730733351, 0.7819385026737968, 0.8213025185621, 0.8090295376265527, 0.7696800505792571, 0.8121212121212121, 0.7908994885711305, 0.7668708943329126, 0.7905339105339106, 0.7702901847441147, 0.8030176362851303, 0.793939393939394, 0.7815611287574764, 0.8, 0.7577628133183688, 0.7848069921464418]


min_count: 4
window 7

Average Score 0.7994949494949495
Score sd 0.021824034587877524
All Scores[0.7848484848484848, 0.7848484848484848, 0.8212121212121212, 0.796969696969697, 0.7727272727272727, 0.7757575757575758, 0.8181818181818182, 0.8424242424242424, 0.7666666666666667, 0.806060606060606, 0.8242424242424242, 0.8242424242424242, 0.796969696969697, 0.7666666666666667, 0.793939393939394, 0.7878787878787878, 0.793939393939394, 0.8303030303030303, 0.8272727272727273, 0.7787878787878788, 0.8303030303030303, 0.793939393939394, 0.7545454545454545, 0.8090909090909091, 0.8, 0.7848484848484848, 0.796969696969697, 0.796969696969697, 0.8090909090909091, 0.8151515151515152]

Average Loss 0.01581294638589046
Loss sd 0.05493021514347805
All losses[0.30649689883307235, 0.014665158857684725, 0.00741810553783777, 0.006602289371810806, 0.0067489578291564595, 0.005418889909813803, 0.006006931426821152, 0.006000111881020152, 0.005468327632239422, 0.005449872588570073, 0.005829910005639376, 0.005624660543035553, 0.005643233598969789, 0.005263146293848866, 0.005071224036985071, 0.005284405165557781, 0.0051720998239084, 0.005204944805114566, 0.005242742553997993, 0.0053301052465680185, 0.005244563866905865, 0.005182663215551534, 0.004787778851245631, 0.005143679015998564, 0.004782186737554065, 0.0049124988860435115, 0.0048565536518922715, 0.005070743784583465, 0.005289334597780426, 0.005176373027506313]

Average F1Score 0.7994957374808124
F1Score sd 0.021824034587877524
All F1 Scores[0.7845095199686637, 0.7847593951941779, 0.8211086132184471, 0.7966206712692707, 0.7727084758761213, 0.7756587034364812, 0.818061568061568, 0.8425632338675817, 0.7667503594497737, 0.806060606060606, 0.8242941005482812, 0.82422951228417, 0.7969641037970409, 0.7669561381743998, 0.793939393939394, 0.7878787878787881, 0.7940605659669205, 0.8303279774851681, 0.8272330654420206, 0.7789411081491432, 0.8303030303030303, 0.7939696869462753, 0.7545522169375379, 0.8091066880057707, 0.799852989819545, 0.7848386041818878, 0.7970312263890246, 0.7973900495639625, 0.809092662174876, 0.8151090700344432]


min_count: 4
window 8

Average Score 0.7977777777777778
Score sd 0.01772203985199891
All Scores[0.7666666666666667, 0.7878787878787878, 0.803030303030303, 0.8242424242424242, 0.7909090909090909, 0.796969696969697, 0.8121212121212121, 0.8090909090909091, 0.7909090909090909, 0.8, 0.7878787878787878, 0.7757575757575758, 0.806060606060606, 0.8, 0.8212121212121212, 0.7636363636363637, 0.8, 0.7787878787878788, 0.796969696969697, 0.7909090909090909, 0.8090909090909091, 0.7909090909090909, 0.8515151515151516, 0.7878787878787878, 0.7848484848484848, 0.8181818181818182, 0.7909090909090909, 0.7878787878787878, 0.796969696969697, 0.8121212121212121]

Average Loss 0.01310441883042977
Loss sd 0.04165468150360339
All losses[0.23356953075288509, 0.010906285801042508, 0.006550743276558629, 0.006621708352801591, 0.005945092886107802, 0.0060944033232610976, 0.006032725624657597, 0.005504804538404186, 0.005663611544305994, 0.005312138768182451, 0.005164725452596567, 0.005343042119069602, 0.005343006439092067, 0.005052312103691891, 0.005319896978759965, 0.005028988829447149, 0.005086147155393448, 0.005154452201097223, 0.004866640290600862, 0.005107271682310757, 0.004994118326227838, 0.0050578660297433626, 0.005059397725309177, 0.0052230160922963125, 0.004649376140287373, 0.005133428807320376, 0.004782789424055986, 0.004913152731489469, 0.005012107107469163, 0.004639784408427584]

Average F1Score 0.7977240552112316
F1Score sd 0.01772203985199891
All F1 Scores[0.7669525853994109, 0.7877383567552385, 0.8030465936346344, 0.8240484955479991, 0.7908109089904674, 0.7969529174517281, 0.8119276366847754, 0.8089418641060432, 0.7911115134416105, 0.7996465520415301, 0.787987883686058, 0.7756665682802046, 0.8060748537386797, 0.7999039030159668, 0.8211086436477106, 0.7631820869845707, 0.8001028617611403, 0.778834827499138, 0.7973187226701233, 0.7905437602583788, 0.8091066984458762, 0.791053391053391, 0.8515601969742933, 0.7877538315298338, 0.7844748034475931, 0.8182419432419434, 0.7908994906873676, 0.7877384960718293, 0.7969529174517281, 0.8120383518376829]


min_count: 4
window 9

Average Score 0.8029292929292929
Score sd 0.023016045376766325
All Scores[0.7787878787878788, 0.7757575757575758, 0.8090909090909091, 0.8, 0.8333333333333334, 0.8242424242424242, 0.8090909090909091, 0.8121212121212121, 0.8090909090909091, 0.796969696969697, 0.8121212121212121, 0.8121212121212121, 0.7606060606060606, 0.793939393939394, 0.8121212121212121, 0.8090909090909091, 0.7787878787878788, 0.8484848484848485, 0.8212121212121212, 0.7303030303030303, 0.803030303030303, 0.8121212121212121, 0.8151515151515152, 0.8090909090909091, 0.8242424242424242, 0.7757575757575758, 0.796969696969697, 0.8242424242424242, 0.803030303030303, 0.796969696969697]

Average Loss 0.014266211030807724
Loss sd 0.04871235648253089
All losses[0.2721263617496465, 0.00980909481536422, 0.006600512865413327, 0.006802472676354941, 0.0062418920867932815, 0.0059244396433215584, 0.0057542431713938896, 0.004769988185680212, 0.005396133293293185, 0.00506419726121504, 0.00531951069689059, 0.005514181574224317, 0.005102303100814805, 0.005060686723452914, 0.005291408925588407, 0.004883941496534503, 0.004951170516809574, 0.005409975879312688, 0.005091856131677447, 0.004586929609196528, 0.00479184250955073, 0.004933947990140294, 0.004807741874887929, 0.004860848886215199, 0.004782880297323456, 0.0048733870218114666, 0.004925239615062072, 0.004843994525164859, 0.004824952782263084, 0.004640195018834702]

Average F1Score 0.8029079767674346
F1Score sd 0.023016045376766325
All F1 Scores[0.7787777197926452, 0.7756749057394218, 0.808782351336034, 0.7999779606229798, 0.8333440513484796, 0.8242682481589328, 0.8091031860900764, 0.8123979011796102, 0.809092662174876, 0.7967514028716575, 0.8121212121212122, 0.8122938948306596, 0.7607138253765295, 0.7937121212121212, 0.81214881699748, 0.8089944682183488, 0.7787939728416683, 0.8486191257876204, 0.8213852071457249, 0.7303104605856898, 0.8029127091813658, 0.8120866755793228, 0.8151260012129578, 0.8091382458354935, 0.8241776288227901, 0.7756749057394218, 0.7967542474043291, 0.8242617921798058, 0.8030140231975094, 0.7968295794382751]


min_count: 4
window 10

Average Score 0.8026262626262626
Score sd 0.02263105139153101
All Scores[0.7363636363636363, 0.8090909090909091, 0.7787878787878788, 0.8242424242424242, 0.7727272727272727, 0.796969696969697, 0.803030303030303, 0.8, 0.8272727272727273, 0.8515151515151516, 0.793939393939394, 0.8121212121212121, 0.8121212121212121, 0.8151515151515152, 0.7848484848484848, 0.793939393939394, 0.796969696969697, 0.793939393939394, 0.8151515151515152, 0.8424242424242424, 0.8181818181818182, 0.8303030303030303, 0.8121212121212121, 0.7909090909090909, 0.7848484848484848, 0.796969696969697, 0.796969696969697, 0.8121212121212121, 0.7696969696969697, 0.806060606060606]

Average Loss 0.012927421520683444
Loss sd 0.04203740792066072
All losses[0.23545028807826382, 0.009015136424808575, 0.007062569392704232, 0.00644553165348368, 0.005650944183488402, 0.005622539570489798, 0.00540965018775408, 0.005312234909047242, 0.005461681450164203, 0.005474460128961487, 0.005162425053527259, 0.00526322375314649, 0.004783610407544145, 0.004869437885952324, 0.00498330620217688, 0.0048760022278022215, 0.004933231650217196, 0.004858127590754594, 0.005070324270673117, 0.004782958732679251, 0.0050678767136021095, 0.004860463754367346, 0.004759593568747864, 0.004615115282432267, 0.004614627186977032, 0.00465519753599145, 0.004780393404753083, 0.004574641306667866, 0.0047963781914649815, 0.004610674921860317]

Average F1Score 0.8025522525498494
F1Score sd 0.02263105139153101
All F1 Scores[0.7366035723806984, 0.8090574900182507, 0.7786964478307761, 0.8242424242424242, 0.7728295810536672, 0.7971394313550104, 0.8030899957505464, 0.7995941558441559, 0.8271058410188845, 0.8513309423738668, 0.7938787008556164, 0.8120729035877434, 0.8119278714596442, 0.8151260518232996, 0.7845221350934769, 0.7939015485445108, 0.7967997752585404, 0.7939621011763239, 0.8153212566435707, 0.8425058607085318, 0.8182218941926521, 0.830440179317884, 0.8119687131050767, 0.7909955564243877, 0.7850006806635592, 0.7968857808857808, 0.7963602779118827, 0.8121212121212121, 0.7688117126319374, 0.8060534822215694]


min_count: 5
window 5

Average Score 0.7947474747474748
Score sd 0.022110163618895267
All Scores[0.7212121212121212, 0.7757575757575758, 0.793939393939394, 0.8151515151515152, 0.7696969696969697, 0.7666666666666667, 0.7818181818181819, 0.7727272727272727, 0.803030303030303, 0.803030303030303, 0.8121212121212121, 0.796969696969697, 0.8212121212121212, 0.7818181818181819, 0.7848484848484848, 0.8121212121212121, 0.8242424242424242, 0.8, 0.8181818181818182, 0.7757575757575758, 0.7878787878787878, 0.8151515151515152, 0.7727272727272727, 0.8, 0.8090909090909091, 0.8090909090909091, 0.803030303030303, 0.8181818181818182, 0.7848484848484848, 0.8121212121212121]

Average Loss 0.015112465793081507
Loss sd 0.047479865774516114
All losses[0.26588175420011884, 0.023648518739277036, 0.00896336741018148, 0.007268737959726633, 0.006973917972435373, 0.005629388969159086, 0.0059524703154798415, 0.005868982213750996, 0.00625114353992588, 0.006087753485129679, 0.005909856976397209, 0.0058501538202696155, 0.005931931395851328, 0.005812049957145599, 0.005253589624893077, 0.005457590778675554, 0.00597063382938327, 0.005305928171274278, 0.005429454262780589, 0.005419097401273124, 0.005733249637691335, 0.005606374794111697, 0.005248723552808186, 0.005427841332428068, 0.005351800987524666, 0.00564459093242159, 0.005216774166628987, 0.005363214945019711, 0.005458148835277019, 0.005456933585405452]

Average F1Score 0.7947537891035595
F1Score sd 0.022110163618895267
All F1 Scores[0.7207094495142773, 0.7756498306542658, 0.794030339809883, 0.8151260012129578, 0.7695276852467487, 0.7663768115942029, 0.7817700906051812, 0.7727585846988833, 0.8032095655717862, 0.8030538166168429, 0.8118308489665569, 0.7967512261982099, 0.8210479450148872, 0.7818181818181819, 0.7848899927980507, 0.8123499606454151, 0.8242165860894957, 0.8, 0.8178810160427809, 0.7764531321859338, 0.787839829384055, 0.8152585318907377, 0.7726332884715154, 0.7999262672811059, 0.8091911663088843, 0.8091278732055432, 0.8030684406088936, 0.8185828877005348, 0.7853924011068312, 0.8121419218641439]


min_count: 5
window 6

Average Score 0.787979797979798
Score sd 0.022175229753597304
All Scores[0.7787878787878788, 0.7454545454545455, 0.806060606060606, 0.7454545454545455, 0.8151515151515152, 0.7818181818181819, 0.796969696969697, 0.803030303030303, 0.7818181818181819, 0.796969696969697, 0.7818181818181819, 0.7545454545454545, 0.8090909090909091, 0.7909090909090909, 0.8, 0.8090909090909091, 0.7606060606060606, 0.7848484848484848, 0.7727272727272727, 0.793939393939394, 0.7636363636363637, 0.796969696969697, 0.8, 0.8121212121212121, 0.8, 0.7424242424242424, 0.7787878787878788, 0.8212121212121212, 0.796969696969697, 0.8181818181818182]

Average Loss 0.016100221193266245
Loss sd 0.05534247148053594
All losses[0.30899207119263816, 0.01415053981462611, 0.006877663551680388, 0.007085213724004506, 0.00690167774441821, 0.006351468025107178, 0.0063579255603309175, 0.005575328184623746, 0.005769344824243641, 0.006176259677839841, 0.005502726410636189, 0.005951568979754317, 0.005929367217861974, 0.00547513064774458, 0.005586510722496003, 0.005366479332189683, 0.005476129128243829, 0.005401196332744253, 0.005730037216385094, 0.005482544488494449, 0.005347928408525738, 0.005512402166225838, 0.005547142249641105, 0.0052584936848484596, 0.005092308320047896, 0.005347656025018033, 0.005055800187595859, 0.005277761082680789, 0.005322219219176079, 0.005105741678164461]

Average F1Score 0.7879937966088433
F1Score sd 0.022175229753597304
All F1 Scores[0.7787695831860914, 0.74579118394555, 0.805952861952862, 0.7462042835482694, 0.8148642061601566, 0.7818582887700535, 0.7969715613605823, 0.8031227932434993, 0.7818502390938477, 0.7968857377012203, 0.7818662730311825, 0.7548453640965423, 0.808980016747007, 0.790857211599913, 0.8003315649867375, 0.8088526499708795, 0.7606390352806757, 0.7848662661287205, 0.7728881493670653, 0.7936740082604081, 0.7637405804072471, 0.7967919923769896, 0.8, 0.8120659719321925, 0.800058771672054, 0.7424455455222142, 0.7786232183717916, 0.8208706175726874, 0.7969641037970409, 0.8181818181818183]


min_count: 5
window 7

Average Score 0.79
Score sd 0.02465878091865115
All Scores[0.7090909090909091, 0.8090909090909091, 0.7878787878787878, 0.803030303030303, 0.7696969696969697, 0.8242424242424242, 0.8, 0.8393939393939394, 0.8090909090909091, 0.8212121212121212, 0.7606060606060606, 0.7818181818181819, 0.8121212121212121, 0.7909090909090909, 0.7696969696969697, 0.7878787878787878, 0.7787878787878788, 0.803030303030303, 0.7848484848484848, 0.7696969696969697, 0.7818181818181819, 0.796969696969697, 0.7848484848484848, 0.7606060606060606, 0.7636363636363637, 0.8, 0.803030303030303, 0.796969696969697, 0.7878787878787878, 0.8121212121212121]

Average Loss 0.013295968646000769
Loss sd 0.041037756996277784
All losses[0.23031913819744312, 0.015971388351892657, 0.007041639201155867, 0.006909245812956508, 0.005941320482282337, 0.005776543819466589, 0.006467495106941207, 0.005967879529530656, 0.0054121239667194706, 0.005734683779127094, 0.005221080897535407, 0.005431245162869413, 0.005385908335627129, 0.0057178314258801875, 0.0051759571240477574, 0.005072064747756814, 0.0051736618728715, 0.005261322321377518, 0.005142919217983124, 0.0050648841380361844, 0.0052576079087252045, 0.004928642158264371, 0.005195724982971157, 0.00491948096354074, 0.00519615501674784, 0.005174848999099071, 0.004758932307509903, 0.005061053333873117, 0.005038679150372177, 0.005159601067418945]

Average F1Score 0.7899751829304045
F1Score sd 0.02465878091865115
All F1 Scores[0.7090909090909089, 0.8092963368312623, 0.7875979256316892, 0.8029705488498087, 0.7696969696969697, 0.8241455560900004, 0.8000220393770202, 0.8397981977270003, 0.8091522940867457, 0.8211776286906509, 0.7600034868643283, 0.78174584036653, 0.8121764218737477, 0.7909378979229726, 0.7699001110372348, 0.7878554059109614, 0.7786964007789415, 0.8030755314337404, 0.7853533262228914, 0.7696969696969697, 0.7816257321274043, 0.7969491660461427, 0.7848188472041682, 0.7603092231151933, 0.7633319506516445, 0.8000146929180136, 0.8028908766091494, 0.7969752905532721, 0.7878632044808948, 0.8120867060258773]


min_count: 5
window 8

Average Score 0.7957575757575758
Score sd 0.018296399665353662
All Scores[0.7757575757575758, 0.7878787878787878, 0.796969696969697, 0.7878787878787878, 0.7818181818181819, 0.796969696969697, 0.8272727272727273, 0.7848484848484848, 0.7787878787878788, 0.8363636363636363, 0.7878787878787878, 0.8, 0.7878787878787878, 0.7727272727272727, 0.806060606060606, 0.7636363636363637, 0.7787878787878788, 0.8303030303030303, 0.7848484848484848, 0.803030303030303, 0.806060606060606, 0.8151515151515152, 0.7848484848484848, 0.7787878787878788, 0.796969696969697, 0.7878787878787878, 0.7909090909090909, 0.796969696969697, 0.8272727272727273, 0.8181818181818182]

Average Loss 0.014964575609277726
Loss sd 0.05156383089199734
All losses[0.28790868910391104, 0.010930635160552211, 0.00623824572536846, 0.0072501455985272455, 0.006261649177183854, 0.0058602283236519614, 0.0062468904638965815, 0.005235431186134738, 0.005692306241435875, 0.005569159071406531, 0.004755845183830453, 0.005492068637424285, 0.005310839543827498, 0.005311610761672991, 0.005144172391173401, 0.005052507634639663, 0.00509842127523656, 0.005510510644951821, 0.005192102873719971, 0.005122485978727164, 0.005231847160525746, 0.004915758732678692, 0.004897953240109872, 0.004974556635392175, 0.005046251765556801, 0.004996956761488824, 0.00496303929255252, 0.004817530777580497, 0.005053817279821139, 0.004855611655353217]

Average F1Score 0.7957105439334055
F1Score sd 0.018296399665353662
All F1 Scores[0.7757575757575758, 0.7880427025628675, 0.7968111888111888, 0.7881845510098023, 0.7815774427492401, 0.7969641037970409, 0.8272647966547819, 0.7848188472041682, 0.7788061622924007, 0.8364357864357864, 0.7878787878787878, 0.7998823918556361, 0.7879567134554093, 0.7723692112345039, 0.8059893598191237, 0.7646157830478375, 0.7786840051638275, 0.8300844773909243, 0.7847397975159169, 0.8034065358534082, 0.8057592462416909, 0.8150207553667328, 0.7845218227826924, 0.7787574085189307, 0.7969752901423532, 0.786844852647445, 0.7909494296206407, 0.7967738496020275, 0.8272616244076036, 0.8181818181818182]


min_count: 5
window 9

Average Score 0.7908080808080808
Score sd 0.019934399449013266
All Scores[0.7515151515151515, 0.7848484848484848, 0.8, 0.7848484848484848, 0.803030303030303, 0.806060606060606, 0.7909090909090909, 0.7818181818181819, 0.7484848484848485, 0.8, 0.7666666666666667, 0.8212121212121212, 0.7818181818181819, 0.8090909090909091, 0.796969696969697, 0.796969696969697, 0.8151515151515152, 0.796969696969697, 0.803030303030303, 0.7727272727272727, 0.806060606060606, 0.7848484848484848, 0.7878787878787878, 0.8333333333333334, 0.7818181818181819, 0.7454545454545455, 0.7909090909090909, 0.7909090909090909, 0.803030303030303, 0.7878787878787878]

Average Loss 0.012639182744014203
Loss sd 0.0399290329640316
All losses[0.22399854727277696, 0.00916615705237629, 0.007109754353300584, 0.006216875092833487, 0.005810127223603957, 0.005775284198463376, 0.005459318805006572, 0.005126169642698964, 0.005334949961027754, 0.005634289561215883, 0.005065765113139663, 0.005314917258107508, 0.004967287213232945, 0.005125515906197536, 0.005109915856669597, 0.004780294293944657, 0.004982262340084852, 0.005166580467562928, 0.005050237394073585, 0.004977284874038176, 0.005059636036140079, 0.004959047398117833, 0.004956807408080018, 0.0050045432753107475, 0.004903695331038128, 0.004871597494797926, 0.004486446956177131, 0.0050781684176105365, 0.00483001096519469, 0.004853995157603726]

Average F1Score 0.7907059834287764
F1Score sd 0.019934399449013266
All F1 Scores[0.7503049980322708, 0.7836359317735235, 0.7999484839564321, 0.7848069921464418, 0.8031697294514565, 0.8057178686463322, 0.7908956505986783, 0.7822033643284885, 0.7484085469928324, 0.7999118165784832, 0.7664929837620269, 0.8210197365029014, 0.7818181818181819, 0.8088569755823001, 0.7970650330356069, 0.797020072530783, 0.8152109514173251, 0.7969790189241239, 0.8031227932434993, 0.7728212569830302, 0.806060606060606, 0.7849375745027919, 0.7878787878787878, 0.8334115942829609, 0.7819467083485344, 0.7450047025983111, 0.7909378979229726, 0.790884091766085, 0.8027659973633933, 0.7879411558341324]


min_count: 5
window 10

Average Score 0.8010101010101011
Score sd 0.020954297190409733
All Scores[0.7848484848484848, 0.7878787878787878, 0.7878787878787878, 0.7696969696969697, 0.806060606060606, 0.8121212121212121, 0.806060606060606, 0.8090909090909091, 0.803030303030303, 0.796969696969697, 0.796969696969697, 0.8, 0.8181818181818182, 0.7818181818181819, 0.8, 0.7878787878787878, 0.8, 0.7878787878787878, 0.8242424242424242, 0.8272727272727273, 0.7696969696969697, 0.8151515151515152, 0.7696969696969697, 0.7636363636363637, 0.8363636363636363, 0.8121212121212121, 0.8, 0.8515151515151516, 0.7909090909090909, 0.8333333333333334]

Average Loss 0.01332535171416809
Loss sd 0.04367863404092502
All losses[0.24450145970873358, 0.010952565988527278, 0.0072330423285327195, 0.005785583521384318, 0.006081151524774828, 0.006114380869650617, 0.005573319952548047, 0.0052844968246865305, 0.005330557561266517, 0.005232154320615024, 0.005222802198129355, 0.004962804110038903, 0.005238751098387829, 0.004946517693445149, 0.005086321876638175, 0.004907092833729301, 0.0050165584280543315, 0.004773533465030543, 0.004925806724294592, 0.005102785627767283, 0.004567164268793302, 0.005045773759347808, 0.004604024990508535, 0.004692999522147608, 0.005036833472386063, 0.0047537978175449655, 0.004762533819778441, 0.004887537316007086, 0.0043381563294854954, 0.004800043472808462]

Average F1Score 0.8009198401888538
F1Score sd 0.020954297190409733
All F1 Scores[0.7849771036277183, 0.7878787878787878, 0.7876838235294117, 0.7695954251509808, 0.805989107666527, 0.8122040358769355, 0.8060463568123096, 0.8090014952400273, 0.8030757820644683, 0.796561525912363, 0.7967512261982099, 0.8001989389920423, 0.8178992933515854, 0.7817460317460317, 0.7999558645040274, 0.7879099581094365, 0.7991053122087606, 0.7876293160574098, 0.8247086247086246, 0.8273060383152127, 0.7688013468013468, 0.814922193567467, 0.7692221355709445, 0.7636797745304945, 0.8362793373832526, 0.8121212121212119, 0.8, 0.852130010041352, 0.7908802838952094, 0.8333348638034632]


